250 250
112 262
 113 262
 114 260
 114 261
 114 262
 114 264
 115 262
 115 263
 115 264
 116 263
 117 263
 117 265
 118 255
 118 257
 118 262
 118 263
 118 264
 118 265
 119 255
 119 256
 119 257
 119 261
 119 262
 119 263
 120 253
 120 254
 120 256
 120 262
 120 268
 120 269
 121 252
 121 253
 121 254
 121 255
 121 256
 121 262
 121 263
 121 266
 121 267
 121 268
 122 246
 122 247
 122 250
 122 256
 122 263
 122 264
 122 265
 122 266
 123 247
 123 250
 123 251
 123 252
 123 255
 123 256
 123 265
 123 266
 123 267
 124 247
 124 248
 124 249
 124 250
 124 251
 124 252
 124 255
 124 265
 124 266
 124 277
 124 278
 124 279
 125 246
 125 247
 125 252
 125 255
 125 257
 125 264
 125 265
 125 266
 125 267
 125 268
 125 269
 125 270
 125 277
 126 247
 126 252
 126 253
 126 254
 126 255
 126 256
 126 257
 126 265
 126 277
 126 278
 127 257
 127 265
 127 266
 127 277
 127 280
 127 290
 127 291
 128 257
 128 258
 128 262
 128 266
 128 275
 128 276
 128 277
 128 278
 128 279
 128 280
 128 291
 129 238
 129 257
 129 262
 129 266
 129 268
 129 279
 129 289
 129 291
 129 292
 130 238
 130 246
 130 257
 130 258
 130 259
 130 260
 130 261
 130 262
 130 265
 130 266
 130 267
 130 268
 130 279
 130 281
 130 289
 130 291
 130 292
 130 293
 130 294
 131 238
 131 246
 131 258
 131 262
 131 263
 131 264
 131 265
 131 268
 131 277
 131 278
 131 279
 131 280
 131 281
 131 282
 131 288
 131 289
 131 290
 131 291
 132 236
 132 237
 132 238
 132 246
 132 247
 132 263
 132 264
 132 265
 132 266
 132 281
 132 282
 132 287
 132 288
 132 292
 133 238
 133 239
 133 247
 133 248
 133 261
 133 262
 133 263
 133 266
 133 281
 133 288
 133 289
 133 290
 133 291
 133 292
 134 239
 134 248
 134 261
 134 263
 134 264
 134 277
 134 281
 134 288
 134 289
 135 237
 135 238
 135 239
 135 240
 135 241
 135 242
 135 243
 135 244
 135 248
 135 264
 135 266
 135 277
 135 280
 135 281
 135 285
 135 286
 135 288
 136 239
 136 244
 136 245
 136 246
 136 247
 136 248
 136 264
 136 265
 136 266
 136 277
 136 278
 136 279
 136 280
 136 285
 136 286
 136 287
 136 288
 136 289
 136 290
 137 247
 137 248
 137 265
 137 278
 137 279
 137 280
 137 281
 137 282
 137 283
 137 284
 137 285
 137 286
 137 290
 138 247
 138 248
 138 264
 138 265
 138 278
 138 279
 139 233
 139 247
 139 248
 139 251
 139 257
 139 265
 139 266
 139 267
 139 268
 139 269
 139 278
 140 231
 140 232
 140 233
 140 234
 140 235
 140 241
 140 242
 140 248
 140 249
 140 250
 140 251
 140 257
 140 261
 140 262
 140 264
 140 265
 140 266
 140 278
 140 279
 140 280
 141 234
 141 236
 141 239
 141 240
 141 241
 141 242
 141 244
 141 247
 141 249
 141 257
 141 258
 141 259
 141 262
 141 264
 141 278
 141 283
 141 284
 142 234
 142 235
 142 236
 142 237
 142 238
 142 239
 142 241
 142 242
 142 243
 142 244
 142 245
 142 246
 142 247
 142 248
 142 249
 142 250
 142 251
 142 257
 142 258
 142 259
 142 260
 142 262
 142 263
 142 264
 142 277
 142 278
 142 279
 142 283
 143 233
 143 234
 143 236
 143 241
 143 243
 143 250
 143 259
 143 260
 143 261
 143 262
 143 263
 143 277
 143 283
 143 285
 143 288
 143 294
 143 295
 143 296
 144 236
 144 241
 144 243
 144 250
 144 251
 144 260
 144 277
 144 278
 144 279
 144 280
 144 281
 144 282
 144 283
 144 284
 144 285
 144 286
 144 287
 144 288
 144 292
 144 293
 144 294
 145 240
 145 241
 145 243
 145 249
 145 250
 145 251
 145 258
 145 259
 145 260
 145 261
 145 277
 145 279
 145 284
 145 286
 145 287
 145 288
 145 289
 145 290
 145 291
 145 292
 145 294
 146 240
 146 247
 146 248
 146 249
 146 251
 146 252
 146 261
 146 271
 146 272
 146 275
 146 276
 146 277
 146 279
 146 284
 146 285
 146 286
 146 292
 147 247
 147 252
 147 260
 147 261
 147 262
 147 267
 147 271
 147 275
 147 277
 147 286
 148 247
 148 251
 148 252
 148 253
 148 254
 148 255
 148 256
 148 260
 148 261
 148 267
 148 268
 148 271
 148 273
 148 275
 149 254
 149 255
 149 256
 149 258
 149 259
 149 260
 149 265
 149 267
 149 268
 149 269
 149 270
 149 271
 149 272
 149 273
 149 274
 149 275
 150 254
 150 255
 150 260
 150 265
 150 266
 150 267
 150 269
 151 255
 151 260
 151 261
 151 266
 151 267
 152 255
 152 260
 152 264
 152 265
 152 266
 153 255
 153 257
 153 260
 153 261
 153 263
 153 264
 153 265
 154 253
 154 254
 154 255
 154 256
 154 257
 154 258
 154 259
 154 260
 154 261
 154 262
 154 263
 154 264
 155 253
 155 258
 155 260
 155 264
 155 286
 155 287
 156 258
 156 259
 156 260
 156 261
 156 286
 156 287
 157 251
 157 258
 157 259
 157 261
 157 286
 158 251
 158 252
 158 253
 158 254
 158 256
 158 258
 158 272
 158 273
 158 274
 158 284
 158 285
 158 286
 158 289
 158 290
 158 293
 158 294
 159 252
 159 254
 159 255
 159 256
 159 257
 159 258
 159 259
 159 273
 159 274
 159 286
 159 287
 159 288
 159 289
 159 290
 159 291
 159 293
 159 296
 159 297
 160 254
 160 256
 160 257
 160 267
 160 273
 160 274
 160 286
 160 289
 160 291
 160 292
 160 293
 160 294
 160 295
 160 296
 161 250
 161 251
 161 252
 161 255
 161 256
 161 257
 161 264
 161 267
 161 268
 161 273
 161 274
 161 281
 161 282
 161 286
 161 289
 161 293
 162 251
 162 252
 162 253
 162 254
 162 255
 162 257
 162 263
 162 264
 162 267
 162 268
 162 273
 162 282
 162 286
 163 253
 163 256
 163 257
 163 258
 163 259
 163 263
 163 267
 163 268
 163 269
 163 273
 163 282
 163 285
 163 286
 163 287
 163 288
 163 289
 163 290
 163 291
 164 239
 164 253
 164 258
 164 259
 164 261
 164 262
 164 263
 164 267
 164 271
 164 272
 164 273
 164 274
 164 278
 164 279
 164 281
 164 282
 164 283
 164 284
 164 285
 164 286
 164 287
 165 238
 165 239
 165 240
 165 241
 165 253
 165 257
 165 258
 165 259
 165 260
 165 261
 165 267
 165 272
 165 273
 165 278
 165 280
 165 281
 165 286
 165 287
 165 288
 165 289
 165 290
 165 291
 165 292
 166 240
 166 243
 166 255
 166 256
 166 257
 166 260
 166 261
 166 267
 166 272
 166 278
 166 279
 166 280
 166 281
 166 282
 166 283
 166 288
 167 240
 167 243
 167 249
 167 256
 167 260
 167 261
 167 262
 167 267
 167 272
 167 273
 167 274
 167 275
 167 276
 167 277
 167 278
 167 281
 167 283
 167 284
 168 240
 168 241
 168 242
 168 243
 168 244
 168 245
 168 249
 168 262
 168 263
 168 266
 168 267
 168 268
 168 269
 168 270
 168 271
 168 272
 168 274
 168 276
 168 281
 168 284
 169 241
 169 243
 169 249
 169 263
 169 264
 169 265
 169 266
 170 235
 170 236
 170 237
 170 238
 170 239
 170 240
 170 241
 170 242
 170 243
 170 244
 170 245
 170 249
 170 263
 171 236
 171 240
 171 242
 171 245
 171 249
 171 259
 171 260
 171 263
 171 264
 171 265
 171 318
 172 241
 172 242
 172 244
 172 245
 172 249
 172 260
 172 262
 172 263
 172 318
 172 326
 172 328
 172 329
 172 330
 173 245
 173 246
 173 249
 173 253
 173 254
 173 258
 173 260
 173 263
 173 296
 173 317
 173 318
 173 323
 173 324
 173 326
 173 327
 173 328
 173 329
 174 245
 174 246
 174 247
 174 248
 174 249
 174 253
 174 258
 174 260
 174 263
 174 265
 174 281
 174 296
 174 318
 174 323
 174 324
 174 325
 174 326
 174 329
 175 247
 175 248
 175 249
 175 250
 175 253
 175 254
 175 258
 175 259
 175 260
 175 261
 175 263
 175 264
 175 265
 175 281
 175 296
 175 315
 175 318
 175 324
 176 245
 176 246
 176 247
 176 248
 176 250
 176 251
 176 252
 176 253
 176 254
 176 258
 176 259
 176 261
 176 263
 176 264
 176 265
 176 266
 176 276
 176 277
 176 278
 176 279
 176 280
 176 281
 176 296
 176 297
 176 298
 176 299
 176 300
 176 315
 176 318
 176 324
 176 336
 177 244
 177 245
 177 247
 177 254
 177 259
 177 261
 177 263
 177 264
 177 273
 177 276
 177 281
 177 282
 177 283
 177 296
 177 314
 177 315
 177 316
 177 317
 177 318
 177 322
 177 323
 177 324
 177 333
 177 336
 177 337
 178 246
 178 247
 178 254
 178 259
 178 260
 178 261
 178 262
 178 263
 178 264
 178 273
 178 274
 178 275
 178 276
 178 296
 178 297
 178 318
 178 319
 178 320
 178 323
 178 324
 178 333
 178 335
 178 336
 179 245
 179 246
 179 250
 179 251
 179 252
 179 253
 179 254
 179 255
 179 256
 179 257
 179 258
 179 259
 179 260
 179 261
 179 266
 179 267
 179 274
 179 295
 179 296
 179 319
 179 323
 179 333
 179 335
 180 246
 180 253
 180 256
 180 258
 180 260
 180 261
 180 266
 180 267
 180 268
 180 269
 180 270
 180 274
 180 277
 180 294
 180 295
 180 296
 180 319
 180 323
 180 329
 180 333
 180 335
 181 246
 181 256
 181 258
 181 259
 181 260
 181 261
 181 267
 181 268
 181 273
 181 274
 181 277
 181 278
 181 295
 181 319
 181 320
 181 321
 181 322
 181 323
 181 324
 181 325
 181 329
 181 333
 181 334
 181 335
 182 246
 182 261
 182 262
 182 263
 182 264
 182 266
 182 267
 182 274
 182 275
 182 276
 182 277
 182 278
 182 295
 182 320
 182 328
 182 329
 182 332
 182 333
 182 343
 183 246
 183 261
 183 262
 183 263
 183 264
 183 266
 183 267
 183 271
 183 274
 183 275
 183 295
 183 296
 183 320
 183 328
 183 332
 183 336
 183 340
 183 343
 184 259
 184 261
 184 265
 184 266
 184 271
 184 274
 184 282
 184 295
 184 297
 184 298
 184 320
 184 328
 184 332
 184 336
 184 337
 184 338
 184 339
 184 340
 184 341
 184 342
 184 343
 185 251
 185 252
 185 253
 185 258
 185 259
 185 260
 185 261
 185 263
 185 264
 185 265
 185 266
 185 271
 185 274
 185 276
 185 280
 185 282
 185 290
 185 293
 185 294
 185 295
 185 296
 185 297
 185 320
 185 326
 185 327
 185 328
 185 332
 185 336
 186 253
 186 254
 186 261
 186 262
 186 263
 186 270
 186 271
 186 272
 186 273
 186 274
 186 275
 186 276
 186 280
 186 282
 186 290
 186 292
 186 293
 186 320
 186 326
 186 330
 186 332
 186 333
 186 334
 186 335
 186 336
 186 337
 186 338
 186 339
 187 254
 187 255
 187 256
 187 257
 187 258
 187 259
 187 260
 187 261
 187 270
 187 276
 187 277
 187 278
 187 279
 187 280
 187 281
 187 282
 187 283
 187 290
 187 291
 187 292
 187 293
 187 294
 187 320
 187 326
 187 330
 187 331
 187 332
 187 336
 188 253
 188 254
 188 260
 188 261
 188 262
 188 268
 188 269
 188 270
 188 276
 188 277
 188 290
 188 293
 188 319
 188 320
 188 326
 188 327
 188 328
 188 329
 188 330
 188 331
 188 336
 188 352
 188 353
 189 261
 189 262
 189 263
 189 270
 189 271
 189 288
 189 289
 189 290
 189 291
 189 320
 189 321
 189 322
 189 323
 189 324
 189 325
 189 326
 189 351
 189 352
 189 353
 189 354
 189 355
 190 259
 190 260
 190 261
 190 268
 190 269
 190 270
 190 271
 190 272
 190 273
 190 274
 190 286
 190 290
 190 291
 190 321
 190 322
 190 332
 190 333
 190 334
 190 335
 190 341
 190 343
 190 344
 190 347
 190 348
 190 349
 190 350
 190 351
 190 355
 191 260
 191 265
 191 268
 191 269
 191 273
 191 274
 191 285
 191 286
 191 287
 191 290
 191 320
 191 321
 191 332
 191 341
 191 342
 191 343
 191 348
 192 255
 192 258
 192 259
 192 260
 192 265
 192 269
 192 270
 192 273
 192 287
 192 290
 192 291
 192 294
 192 315
 192 316
 192 321
 192 332
 192 333
 192 342
 192 346
 192 347
 192 348
 192 349
 192 350
 193 255
 193 257
 193 258
 193 260
 193 265
 193 269
 193 270
 193 286
 193 287
 193 289
 193 290
 193 293
 193 294
 193 316
 193 317
 193 321
 193 324
 193 325
 193 332
 193 334
 193 335
 193 336
 193 337
 193 338
 193 339
 193 340
 193 341
 193 342
 193 346
 193 349
 194 248
 194 250
 194 251
 194 255
 194 259
 194 260
 194 261
 194 262
 194 263
 194 264
 194 265
 194 269
 194 287
 194 288
 194 289
 194 290
 194 291
 194 292
 194 293
 194 317
 194 321
 194 322
 194 324
 194 329
 194 330
 194 331
 194 332
 194 333
 194 334
 194 340
 194 342
 194 343
 194 344
 194 346
 195 248
 195 249
 195 250
 195 251
 195 252
 195 253
 195 254
 195 255
 195 258
 195 259
 195 260
 195 267
 195 269
 195 287
 195 290
 195 292
 195 301
 195 302
 195 303
 195 304
 195 305
 195 306
 195 316
 195 317
 195 318
 195 319
 195 320
 195 321
 195 322
 195 323
 195 324
 195 325
 195 326
 195 327
 195 328
 195 329
 195 332
 195 334
 195 335
 195 344
 195 345
 195 346
 195 347
 195 348
 195 349
 196 253
 196 255
 196 256
 196 257
 196 258
 196 260
 196 265
 196 266
 196 267
 196 269
 196 272
 196 273
 196 287
 196 290
 196 303
 196 318
 196 325
 196 329
 196 332
 196 333
 196 334
 196 335
 196 344
 196 347
 196 349
 197 257
 197 260
 197 267
 197 268
 197 269
 197 270
 197 271
 197 272
 197 273
 197 274
 197 287
 197 302
 197 303
 197 304
 197 316
 197 317
 197 318
 197 319
 197 325
 197 326
 197 327
 197 332
 197 333
 197 344
 197 345
 197 347
 198 260
 198 263
 198 266
 198 267
 198 268
 198 269
 198 271
 198 286
 198 287
 198 299
 198 302
 198 318
 198 322
 198 345
 199 260
 199 263
 199 267
 199 287
 199 292
 199 299
 199 302
 199 318
 199 321
 199 322
 199 323
 200 252
 200 253
 200 260
 200 263
 200 267
 200 287
 200 292
 200 294
 200 299
 200 301
 200 302
 200 318
 200 319
 200 320
 200 321
 201 252
 201 253
 201 256
 201 257
 201 258
 201 259
 201 260
 201 263
 201 267
 201 271
 201 272
 201 273
 201 287
 201 290
 201 291
 201 292
 201 294
 201 297
 201 299
 201 300
 201 301
 201 302
 201 303
 201 318
 202 245
 202 246
 202 253
 202 254
 202 255
 202 256
 202 257
 202 260
 202 261
 202 263
 202 264
 202 267
 202 271
 202 286
 202 287
 202 289
 202 290
 202 291
 202 292
 202 293
 202 294
 202 295
 202 296
 202 297
 202 298
 202 299
 202 303
 202 304
 202 316
 202 317
 202 318
 202 325
 203 245
 203 246
 203 247
 203 253
 203 258
 203 259
 203 260
 203 263
 203 264
 203 265
 203 266
 203 267
 203 271
 203 272
 203 287
 203 288
 203 289
 203 295
 203 299
 203 317
 203 321
 203 324
 203 325
 204 247
 204 248
 204 258
 204 259
 204 260
 204 261
 204 262
 204 263
 204 264
 204 265
 204 266
 204 270
 204 271
 204 284
 204 285
 204 286
 204 287
 204 314
 204 317
 204 321
 204 322
 204 323
 204 324
 204 325
 204 326
 204 327
 205 247
 205 248
 205 260
 205 261
 205 262
 205 263
 205 266
 205 267
 205 268
 205 269
 205 270
 205 287
 205 288
 205 314
 205 315
 205 316
 205 317
 205 318
 205 319
 205 320
 205 321
 205 323
 205 325
 205 326
 205 327
 206 247
 206 248
 206 261
 206 262
 206 267
 206 270
 206 287
 206 314
 206 316
 206 320
 207 248
 207 261
 207 262
 207 285
 207 287
 207 314
 207 320
 207 321
 207 322
 207 323
 208 248
 208 251
 208 258
 208 259
 208 260
 208 261
 208 284
 208 285
 208 286
 208 287
 208 288
 208 312
 208 313
 208 314
 208 323
 209 246
 209 247
 209 248
 209 250
 209 251
 209 259
 209 260
 209 261
 209 282
 209 284
 209 286
 209 287
 209 313
 210 248
 210 249
 210 250
 210 251
 210 252
 210 253
 210 259
 210 260
 210 282
 210 283
 210 284
 210 287
 210 294
 210 299
 210 300
 210 305
 210 308
 210 313
 210 314
 211 248
 211 253
 211 254
 211 255
 211 260
 211 262
 211 263
 211 283
 211 284
 211 285
 211 286
 211 294
 211 299
 211 304
 211 305
 211 306
 211 307
 211 308
 211 313
 212 254
 212 255
 212 260
 212 261
 212 262
 212 279
 212 283
 212 294
 212 298
 212 299
 212 306
 212 313
 212 316
 213 255
 213 260
 213 261
 213 263
 213 265
 213 279
 213 280
 213 283
 213 284
 213 294
 213 296
 213 297
 213 298
 213 305
 213 306
 213 313
 213 314
 213 315
 213 316
 214 255
 214 256
 214 257
 214 260
 214 261
 214 262
 214 263
 214 264
 214 265
 214 280
 214 281
 214 282
 214 283
 214 294
 214 295
 214 296
 214 305
 214 312
 214 313
 214 318
 214 344
 215 229
 215 252
 215 253
 215 255
 215 256
 215 257
 215 260
 215 281
 215 283
 215 294
 215 296
 215 305
 215 306
 215 309
 215 312
 215 317
 215 318
 215 320
 215 330
 215 331
 215 344
 215 351
 216 229
 216 253
 216 254
 216 255
 216 256
 216 257
 216 260
 216 281
 216 292
 216 293
 216 294
 216 305
 216 309
 216 312
 216 314
 216 316
 216 317
 216 318
 216 319
 216 320
 216 321
 216 331
 216 332
 216 344
 216 351
 216 352
 216 353
 216 354
 217 226
 217 229
 217 253
 217 257
 217 258
 217 260
 217 281
 217 292
 217 293
 217 305
 217 308
 217 309
 217 310
 217 311
 217 312
 217 313
 217 314
 217 315
 217 316
 217 317
 217 319
 217 331
 217 344
 217 345
 217 346
 217 347
 217 348
 217 352
 218 224
 218 225
 218 226
 218 227
 218 228
 218 229
 218 230
 218 231
 218 232
 218 257
 218 260
 218 261
 218 262
 218 281
 218 289
 218 290
 218 291
 218 292
 218 305
 218 306
 218 307
 218 308
 218 311
 218 314
 218 317
 218 331
 218 344
 218 350
 218 351
 218 352
 219 225
 219 226
 219 227
 219 230
 219 231
 219 232
 219 248
 219 249
 219 257
 219 258
 219 259
 219 260
 219 261
 219 281
 219 282
 219 283
 219 292
 219 293
 219 305
 219 314
 219 324
 219 331
 219 332
 219 343
 219 344
 219 345
 219 346
 219 350
 219 353
 220 232
 220 233
 220 234
 220 237
 220 249
 220 250
 220 253
 220 255
 220 256
 220 257
 220 275
 220 276
 220 281
 220 292
 220 300
 220 305
 220 314
 220 324
 220 325
 220 326
 220 331
 220 336
 220 343
 220 344
 220 346
 220 347
 220 348
 220 349
 220 350
 220 351
 220 352
 220 353
 220 354
 221 194
 221 233
 221 237
 221 250
 221 251
 221 252
 221 253
 221 254
 221 255
 221 256
 221 275
 221 280
 221 281
 221 287
 221 291
 221 292
 221 293
 221 299
 221 300
 221 301
 221 302
 221 305
 221 306
 221 308
 221 309
 221 310
 221 311
 221 325
 221 331
 221 333
 221 334
 221 336
 221 339
 221 340
 221 343
 221 344
 221 349
 221 350
 221 351
 221 352
 222 194
 222 233
 222 237
 222 251
 222 256
 222 275
 222 281
 222 287
 222 288
 222 289
 222 291
 222 299
 222 300
 222 302
 222 303
 222 304
 222 305
 222 306
 222 307
 222 308
 222 310
 222 311
 222 325
 222 331
 222 332
 222 333
 222 334
 222 335
 222 336
 222 339
 222 342
 222 343
 222 344
 222 352
 222 353
 222 354
 222 355
 223 194
 223 195
 223 230
 223 231
 223 232
 223 233
 223 234
 223 237
 223 243
 223 256
 223 273
 223 275
 223 281
 223 282
 223 287
 223 288
 223 291
 223 299
 223 323
 223 324
 223 325
 223 331
 223 339
 223 340
 223 341
 223 342
 224 195
 224 196
 224 197
 224 232
 224 234
 224 237
 224 239
 224 243
 224 256
 224 263
 224 273
 224 275
 224 276
 224 281
 224 287
 224 288
 224 291
 224 296
 224 298
 224 299
 224 301
 224 324
 224 326
 224 331
 224 339
 224 340
 224 344
 224 345
 224 346
 224 347
 224 348
 225 197
 225 232
 225 234
 225 235
 225 236
 225 237
 225 238
 225 239
 225 243
 225 245
 225 252
 225 253
 225 256
 225 261
 225 262
 225 263
 225 273
 225 275
 225 279
 225 280
 225 281
 225 282
 225 287
 225 290
 225 291
 225 294
 225 295
 225 296
 225 297
 225 298
 225 301
 225 316
 225 318
 225 319
 225 320
 225 321
 225 322
 225 323
 225 324
 225 326
 225 327
 225 328
 225 331
 225 333
 225 334
 225 339
 225 342
 225 343
 225 344
 225 345
 225 347
 225 348
 226 196
 226 197
 226 233
 226 234
 226 238
 226 239
 226 242
 226 243
 226 245
 226 252
 226 253
 226 254
 226 256
 226 257
 226 261
 226 262
 226 273
 226 275
 226 277
 226 278
 226 279
 226 287
 226 290
 226 291
 226 292
 226 293
 226 294
 226 295
 226 301
 226 303
 226 306
 226 316
 226 317
 226 318
 226 324
 226 325
 226 326
 226 327
 226 328
 226 329
 226 330
 226 331
 226 332
 226 333
 226 334
 226 335
 226 336
 226 337
 226 338
 226 339
 226 340
 226 341
 226 342
 226 343
 227 194
 227 195
 227 196
 227 197
 227 238
 227 239
 227 240
 227 241
 227 242
 227 243
 227 244
 227 245
 227 246
 227 247
 227 253
 227 254
 227 255
 227 256
 227 257
 227 261
 227 262
 227 271
 227 273
 227 274
 227 275
 227 276
 227 277
 227 278
 227 279
 227 286
 227 287
 227 288
 227 289
 227 290
 227 291
 227 293
 227 294
 227 295
 227 296
 227 297
 227 299
 227 300
 227 301
 227 302
 227 303
 227 306
 227 314
 227 315
 227 316
 227 324
 227 327
 227 333
 227 336
 227 337
 227 341
 227 357
 228 195
 228 196
 228 197
 228 225
 228 237
 228 238
 228 246
 228 247
 228 248
 228 249
 228 250
 228 253
 228 254
 228 262
 228 263
 228 267
 228 268
 228 269
 228 271
 228 273
 228 275
 228 278
 228 282
 228 283
 228 284
 228 285
 228 286
 228 287
 228 290
 228 297
 228 299
 228 306
 228 307
 228 308
 228 309
 228 310
 228 311
 228 312
 228 313
 228 314
 228 315
 228 324
 228 333
 228 337
 228 338
 228 339
 228 341
 228 342
 228 343
 228 344
 228 345
 228 357
 229 191
 229 196
 229 224
 229 225
 229 238
 229 241
 229 243
 229 248
 229 249
 229 250
 229 254
 229 256
 229 262
 229 264
 229 266
 229 268
 229 269
 229 270
 229 271
 229 272
 229 273
 229 274
 229 278
 229 279
 229 280
 229 281
 229 282
 229 284
 229 290
 229 297
 229 298
 229 299
 229 300
 229 305
 229 306
 229 313
 229 314
 229 315
 229 316
 229 317
 229 318
 229 324
 229 325
 229 332
 229 333
 229 334
 229 337
 229 339
 229 354
 229 355
 229 356
 229 357
 230 191
 230 193
 230 196
 230 225
 230 226
 230 227
 230 240
 230 241
 230 242
 230 243
 230 244
 230 245
 230 246
 230 249
 230 250
 230 254
 230 256
 230 257
 230 262
 230 264
 230 265
 230 266
 230 267
 230 268
 230 271
 230 272
 230 279
 230 290
 230 291
 230 292
 230 299
 230 303
 230 304
 230 305
 230 306
 230 310
 230 313
 230 316
 230 324
 230 325
 230 332
 230 333
 230 339
 230 340
 230 341
 230 342
 230 343
 230 344
 230 355
 231 191
 231 192
 231 193
 231 194
 231 195
 231 196
 231 227
 231 242
 231 246
 231 250
 231 253
 231 254
 231 256
 231 262
 231 263
 231 264
 231 268
 231 291
 231 292
 231 299
 231 300
 231 302
 231 303
 231 304
 231 306
 231 309
 231 310
 231 311
 231 312
 231 315
 231 316
 231 317
 231 325
 231 326
 231 333
 231 339
 231 341
 231 355
 232 191
 232 192
 232 196
 232 197
 232 201
 232 227
 232 245
 232 246
 232 247
 232 250
 232 254
 232 255
 232 256
 232 262
 232 263
 232 268
 232 269
 232 270
 232 292
 232 299
 232 300
 232 301
 232 302
 232 303
 232 304
 232 305
 232 306
 232 308
 232 309
 232 310
 232 317
 232 325
 232 333
 232 341
 232 342
 232 344
 232 347
 232 348
 232 355
 232 360
 233 192
 233 196
 233 197
 233 198
 233 201
 233 226
 233 227
 233 247
 233 248
 233 249
 233 250
 233 255
 233 262
 233 303
 233 304
 233 305
 233 306
 233 307
 233 308
 233 317
 233 318
 233 319
 233 325
 233 326
 233 333
 233 341
 233 342
 233 343
 233 344
 233 345
 233 346
 233 347
 233 350
 233 351
 233 352
 233 353
 233 354
 233 355
 233 356
 233 359
 233 360
 234 197
 234 198
 234 200
 234 201
 234 227
 234 228
 234 250
 234 255
 234 256
 234 257
 234 262
 234 263
 234 264
 234 265
 234 266
 234 303
 234 304
 234 317
 234 326
 234 327
 234 328
 234 342
 234 347
 234 348
 234 349
 234 350
 234 356
 234 357
 234 358
 234 359
 234 360
 235 197
 235 198
 235 199
 235 200
 235 225
 235 227
 235 245
 235 246
 235 250
 235 255
 235 256
 235 262
 235 263
 235 264
 235 266
 235 267
 235 304
 235 305
 235 317
 235 342
 235 347
 235 349
 235 357
 235 360
 236 198
 236 200
 236 225
 236 226
 236 227
 236 245
 236 246
 236 247
 236 248
 236 250
 236 255
 236 258
 236 261
 236 262
 236 267
 236 304
 236 305
 236 342
 236 347
 236 349
 236 350
 236 351
 236 352
 236 353
 236 354
 236 355
 236 360
 236 361
 237 198
 237 227
 237 248
 237 249
 237 250
 237 255
 237 256
 237 258
 237 259
 237 260
 237 261
 237 262
 237 305
 237 306
 237 342
 237 343
 237 344
 237 347
 237 351
 237 354
 237 355
 237 356
 238 193
 238 194
 238 197
 238 198
 238 199
 238 200
 238 205
 238 215
 238 216
 238 225
 238 226
 238 227
 238 248
 238 250
 238 256
 238 258
 238 267
 238 305
 238 306
 238 307
 238 342
 238 344
 238 347
 238 351
 238 355
 239 193
 239 194
 239 195
 239 196
 239 200
 239 205
 239 214
 239 216
 239 217
 239 226
 239 227
 239 229
 239 250
 239 251
 239 253
 239 255
 239 256
 239 257
 239 258
 239 259
 239 267
 239 305
 239 306
 239 342
 239 344
 239 347
 239 351
 239 352
 239 353
 239 355
 240 193
 240 196
 240 197
 240 198
 240 199
 240 200
 240 205
 240 214
 240 215
 240 216
 240 227
 240 228
 240 229
 240 233
 240 238
 240 250
 240 251
 240 252
 240 253
 240 254
 240 255
 240 256
 240 263
 240 264
 240 265
 240 267
 240 305
 240 347
 240 352
 241 194
 241 196
 241 200
 241 204
 241 205
 241 214
 241 216
 241 227
 241 229
 241 233
 241 238
 241 239
 241 245
 241 250
 241 251
 241 252
 241 263
 241 267
 241 305
 241 308
 241 352
 241 353
 241 354
 242 194
 242 195
 242 197
 242 200
 242 204
 242 206
 242 215
 242 216
 242 217
 242 220
 242 229
 242 230
 242 232
 242 233
 242 238
 242 239
 242 245
 242 249
 242 250
 242 251
 242 252
 242 259
 242 263
 242 264
 242 265
 242 266
 242 267
 242 303
 242 304
 242 305
 242 306
 242 307
 242 308
 242 353
 242 355
 243 189
 243 190
 243 191
 243 192
 243 194
 243 195
 243 196
 243 197
 243 198
 243 199
 243 200
 243 201
 243 202
 243 203
 243 204
 243 205
 243 206
 243 216
 243 217
 243 220
 243 227
 243 228
 243 229
 243 230
 243 231
 243 232
 243 233
 243 238
 243 245
 243 251
 243 252
 243 255
 243 256
 243 257
 243 258
 243 259
 243 260
 243 261
 243 262
 243 263
 243 264
 243 267
 243 268
 243 305
 243 306
 243 307
 243 308
 243 311
 243 322
 243 353
 243 354
 243 355
 244 190
 244 191
 244 192
 244 194
 244 197
 244 198
 244 200
 244 205
 244 206
 244 208
 244 209
 244 216
 244 220
 244 233
 244 235
 244 236
 244 237
 244 238
 244 239
 244 244
 244 245
 244 246
 244 247
 244 249
 244 251
 244 255
 244 256
 244 257
 244 258
 244 264
 244 265
 244 280
 244 283
 244 285
 244 306
 244 307
 244 308
 244 309
 244 310
 244 311
 244 312
 244 313
 244 314
 244 315
 244 316
 244 317
 244 318
 244 319
 244 320
 244 321
 244 322
 244 323
 244 324
 244 355
 244 356
 245 190
 245 192
 245 193
 245 194
 245 195
 245 205
 245 206
 245 207
 245 208
 245 209
 245 216
 245 217
 245 218
 245 219
 245 220
 245 233
 245 239
 245 246
 245 247
 245 248
 245 249
 245 251
 245 252
 245 253
 245 254
 245 255
 245 258
 245 259
 245 277
 245 278
 245 280
 245 281
 245 282
 245 283
 245 284
 245 285
 245 286
 245 290
 245 305
 245 306
 245 307
 245 310
 245 312
 245 316
 245 320
 245 322
 245 323
 245 324
 245 354
 245 355
 246 192
 246 193
 246 209
 246 220
 246 221
 246 230
 246 231
 246 232
 246 233
 246 234
 246 235
 246 236
 246 237
 246 239
 246 249
 246 251
 246 257
 246 260
 246 278
 246 280
 246 286
 246 287
 246 288
 246 289
 246 290
 246 291
 246 292
 246 293
 246 294
 246 295
 246 304
 246 305
 246 307
 246 312
 246 313
 246 314
 246 316
 246 320
 246 324
 246 325
 246 326
 246 327
 246 328
 246 329
 246 355
 247 209
 247 220
 247 232
 247 233
 247 235
 247 236
 247 237
 247 238
 247 239
 247 247
 247 248
 247 249
 247 250
 247 251
 247 252
 247 253
 247 254
 247 255
 247 256
 247 257
 247 258
 247 259
 247 260
 247 278
 247 280
 247 287
 247 289
 247 293
 247 294
 247 307
 247 312
 247 313
 247 314
 247 320
 247 326
 247 327
 248 208
 248 209
 248 220
 248 238
 248 239
 248 247
 248 248
 248 249
 248 252
 248 253
 248 260
 248 265
 248 274
 248 276
 248 277
 248 278
 248 279
 248 280
 248 281
 248 282
 248 293
 248 305
 248 306
 248 307
 248 308
 248 309
 248 314
 248 320
 248 327
 249 209
 249 211
 249 220
 249 238
 249 239
 249 247
 249 249
 249 250
 249 251
 249 252
 249 253
 249 254
 249 260
 249 261
 249 262
 249 263
 249 264
 249 265
 249 266
 249 268
 249 269
 249 274
 249 275
 249 276
 249 282
 249 283
 249 284
 249 293
 249 305
 249 308
 249 314
 249 320
 249 321
 249 327
 249 328
 249 329
 250 191
 250 209
 250 210
 250 211
 250 212
 250 213
 250 220
 250 221
 250 224
 250 230
 250 239
 250 240
 250 247
 250 248
 250 249
 250 250
 250 251
 250 252
 250 253
 250 254
 250 266
 250 267
 250 268
 250 269
 250 270
 250 271
 250 273
 250 274
 250 282
 250 283
 250 284
 250 293
 250 308
 250 314
 250 320
 250 325
 250 326
 250 327
 251 189
 251 191
 251 206
 251 211
 251 212
 251 215
 251 218
 251 219
 251 220
 251 224
 251 230
 251 239
 251 240
 251 248
 251 249
 251 250
 251 253
 251 256
 251 267
 251 268
 251 270
 251 271
 251 272
 251 273
 251 274
 251 275
 251 276
 251 277
 251 278
 251 279
 251 280
 251 281
 251 284
 251 308
 251 320
 251 321
 251 327
 251 328
 251 329
 252 185
 252 188
 252 189
 252 190
 252 191
 252 192
 252 205
 252 206
 252 207
 252 212
 252 213
 252 214
 252 215
 252 216
 252 220
 252 221
 252 222
 252 223
 252 224
 252 225
 252 226
 252 227
 252 230
 252 239
 252 240
 252 241
 252 242
 252 243
 252 244
 252 245
 252 246
 252 247
 252 248
 252 249
 252 250
 252 253
 252 254
 252 255
 252 256
 252 258
 252 267
 252 271
 252 273
 252 274
 252 276
 252 277
 252 284
 252 308
 252 321
 252 327
 252 328
 253 181
 253 182
 253 183
 253 184
 253 185
 253 190
 253 192
 253 193
 253 194
 253 195
 253 202
 253 203
 253 207
 253 208
 253 213
 253 214
 253 215
 253 222
 253 223
 253 227
 253 228
 253 229
 253 230
 253 231
 253 239
 253 241
 253 243
 253 245
 253 249
 253 250
 253 251
 253 252
 253 255
 253 256
 253 257
 253 258
 253 259
 253 260
 253 271
 253 277
 253 278
 253 284
 253 307
 253 308
 253 309
 253 310
 253 311
 253 321
 254 185
 254 190
 254 195
 254 203
 254 204
 254 205
 254 207
 254 208
 254 210
 254 215
 254 217
 254 227
 254 228
 254 231
 254 232
 254 233
 254 234
 254 235
 254 236
 254 237
 254 238
 254 239
 254 247
 254 249
 254 250
 254 257
 254 259
 254 260
 254 278
 254 279
 254 284
 254 308
 254 310
 254 320
 254 321
 255 185
 255 186
 255 187
 255 195
 255 196
 255 204
 255 205
 255 206
 255 208
 255 209
 255 210
 255 214
 255 215
 255 217
 255 225
 255 226
 255 227
 255 230
 255 231
 255 232
 255 237
 255 238
 255 246
 255 247
 255 248
 255 249
 255 259
 255 260
 255 279
 255 284
 255 308
 256 186
 256 187
 256 193
 256 194
 256 195
 256 196
 256 198
 256 206
 256 207
 256 208
 256 209
 256 210
 256 211
 256 212
 256 213
 256 214
 256 215
 256 216
 256 217
 256 220
 256 222
 256 223
 256 225
 256 226
 256 230
 256 232
 256 244
 256 245
 256 246
 256 248
 256 249
 256 250
 256 259
 256 260
 256 261
 256 262
 256 263
 256 279
 256 280
 257 186
 257 187
 257 191
 257 196
 257 197
 257 198
 257 199
 257 200
 257 201
 257 203
 257 204
 257 205
 257 206
 257 211
 257 215
 257 217
 257 218
 257 219
 257 220
 257 221
 257 222
 257 223
 257 224
 257 225
 257 226
 257 230
 257 232
 257 243
 257 244
 257 248
 257 249
 257 250
 257 252
 257 261
 257 262
 258 187
 258 188
 258 189
 258 190
 258 191
 258 192
 258 193
 258 194
 258 195
 258 196
 258 201
 258 202
 258 203
 258 215
 258 217
 258 218
 258 220
 258 224
 258 226
 258 227
 258 240
 258 241
 258 242
 258 243
 258 250
 258 251
 258 252
 258 253
 258 254
 259 186
 259 187
 259 189
 259 193
 259 200
 259 201
 259 211
 259 212
 259 213
 259 214
 259 215
 259 224
 259 239
 259 240
 259 242
 259 246
 259 247
 259 248
 259 249
 259 250
 259 252
 259 254
 259 255
 259 259
 260 184
 260 185
 260 186
 260 187
 260 193
 260 201
 260 205
 260 213
 260 215
 260 221
 260 222
 260 223
 260 224
 260 246
 260 248
 260 249
 260 252
 260 254
 260 258
 260 259
 261 183
 261 184
 261 185
 261 186
 261 193
 261 198
 261 199
 261 200
 261 201
 261 205
 261 206
 261 212
 261 213
 261 220
 261 221
 261 223
 261 245
 261 246
 261 249
 261 252
 261 254
 261 256
 261 257
 261 258
 261 261
 261 262
 261 263
 261 264
 262 182
 262 183
 262 193
 262 198
 262 199
 262 200
 262 205
 262 206
 262 207
 262 208
 262 209
 262 210
 262 211
 262 212
 262 223
 262 248
 262 249
 262 254
 262 255
 262 256
 262 258
 262 259
 262 260
 262 261
 262 275
 262 276
 262 277
 262 278
 263 180
 263 181
 263 182
 263 193
 263 207
 263 208
 263 211
 263 212
 263 223
 263 224
 263 245
 263 248
 263 256
 263 260
 263 261
 263 269
 263 270
 263 275
 264 190
 264 191
 264 192
 264 193
 264 203
 264 207
 264 211
 264 212
 264 220
 264 223
 264 224
 264 243
 264 244
 264 245
 264 246
 264 247
 264 248
 264 249
 264 255
 264 256
 264 257
 264 258
 264 269
 264 273
 264 275
 265 190
 265 203
 265 204
 265 205
 265 206
 265 207
 265 212
 265 219
 265 220
 265 221
 265 222
 265 223
 265 224
 265 239
 265 240
 265 243
 265 245
 265 246
 265 248
 265 254
 265 255
 265 258
 265 259
 265 260
 265 261
 265 262
 265 263
 265 264
 265 265
 265 266
 265 267
 265 268
 265 269
 265 270
 265 271
 265 272
 265 273
 265 275
 266 196
 266 199
 266 202
 266 203
 266 204
 266 206
 266 216
 266 217
 266 218
 266 219
 266 222
 266 224
 266 239
 266 240
 266 241
 266 242
 266 243
 266 246
 266 247
 266 248
 266 254
 266 259
 266 263
 266 269
 266 273
 266 274
 266 275
 266 280
 267 189
 267 190
 267 191
 267 192
 267 193
 267 194
 267 195
 267 196
 267 197
 267 198
 267 199
 267 200
 267 201
 267 202
 267 204
 267 215
 267 216
 267 221
 267 222
 267 224
 267 225
 267 242
 267 244
 267 245
 267 246
 267 248
 267 254
 267 255
 267 256
 267 259
 267 263
 267 269
 267 270
 267 271
 267 274
 267 275
 267 276
 267 280
 267 282
 267 283
 267 284
 268 192
 268 193
 268 197
 268 198
 268 202
 268 203
 268 204
 268 205
 268 214
 268 215
 268 220
 268 221
 268 224
 268 242
 268 246
 268 248
 268 256
 268 257
 268 259
 268 263
 268 269
 268 270
 268 271
 268 275
 268 276
 268 277
 268 278
 268 279
 268 280
 268 281
 268 282
 268 283
 268 284
 269 190
 269 191
 269 192
 269 193
 269 194
 269 198
 269 202
 269 204
 269 205
 269 206
 269 213
 269 214
 269 215
 269 216
 269 217
 269 221
 269 224
 269 225
 269 240
 269 242
 269 248
 269 259
 269 263
 269 264
 269 275
 269 278
 269 281
 269 282
 269 285
 269 286
 269 295
 269 296
 270 188
 270 189
 270 190
 270 194
 270 202
 270 205
 270 217
 270 221
 270 224
 270 238
 270 239
 270 240
 270 241
 270 242
 270 247
 270 248
 270 259
 270 264
 270 275
 270 276
 270 278
 270 282
 270 283
 270 284
 270 285
 270 295
 271 190
 271 202
 271 205
 271 220
 271 221
 271 234
 271 238
 271 240
 271 242
 271 248
 271 249
 271 259
 271 260
 271 261
 271 264
 271 265
 271 266
 271 267
 271 268
 271 276
 271 283
 271 284
 271 295
 271 296
 271 297
 271 298
 272 202
 272 203
 272 204
 272 205
 272 206
 272 221
 272 234
 272 235
 272 236
 272 237
 272 238
 272 239
 272 240
 272 242
 272 248
 272 259
 272 260
 272 261
 272 262
 272 264
 272 265
 272 267
 272 268
 272 269
 272 275
 272 276
 272 277
 272 284
 272 289
 272 290
 272 292
 272 293
 272 295
 272 296
 272 297
 273 205
 273 238
 273 240
 273 248
 273 258
 273 259
 273 260
 273 262
 273 263
 273 265
 273 269
 273 270
 273 275
 273 284
 273 285
 273 286
 273 287
 273 290
 273 291
 273 292
 273 293
 273 294
 273 295
 273 296
 274 203
 274 204
 274 205
 274 234
 274 235
 274 236
 274 237
 274 238
 274 240
 274 241
 274 248
 274 249
 274 250
 274 259
 274 260
 274 261
 274 269
 274 270
 274 283
 274 284
 274 286
 274 287
 274 288
 274 289
 274 290
 274 294
 274 296
 275 204
 275 234
 275 235
 275 236
 275 240
 275 248
 275 249
 275 250
 275 256
 275 257
 275 258
 275 259
 275 261
 275 262
 275 269
 275 284
 275 289
 275 290
 275 294
 276 202
 276 203
 276 204
 276 236
 276 240
 276 249
 276 256
 276 258
 276 259
 276 269
 276 270
 276 271
 276 272
 276 273
 276 284
 276 289
 276 290
 276 291
 276 292
 277 199
 277 201
 277 202
 277 204
 277 236
 277 238
 277 239
 277 240
 277 248
 277 249
 277 250
 277 256
 277 259
 277 260
 277 271
 277 272
 277 273
 277 274
 277 283
 277 284
 277 288
 277 289
 277 292
 277 293
 277 294
 278 199
 278 200
 278 201
 278 202
 278 204
 278 240
 278 250
 278 260
 278 261
 278 262
 278 271
 278 282
 278 283
 278 289
 278 290
 278 293
 278 294
 278 295
 279 198
 279 199
 279 202
 279 204
 279 205
 279 232
 279 233
 279 234
 279 235
 279 236
 279 237
 279 238
 279 239
 279 240
 279 247
 279 248
 279 249
 279 250
 279 251
 279 252
 279 271
 279 282
 279 283
 279 289
 279 290
 279 295
 279 297
 279 298
 279 299
 280 198
 280 201
 280 202
 280 205
 280 235
 280 239
 280 247
 280 248
 280 249
 280 250
 280 251
 280 252
 280 271
 280 290
 280 295
 280 296
 280 297
 281 200
 281 201
 281 202
 281 239
 281 247
 281 249
 281 252
 281 253
 281 271
 281 272
 281 297
 282 201
 282 202
 282 232
 282 234
 282 235
 282 236
 282 237
 282 238
 282 239
 282 240
 282 253
 282 257
 282 260
 282 261
 282 272
 282 273
 282 274
 283 201
 283 232
 283 233
 283 234
 283 239
 283 252
 283 253
 283 254
 283 255
 283 256
 283 257
 283 258
 283 259
 283 260
 283 262
 283 273
 283 274
 283 275
 283 276
 283 277
 284 232
 284 233
 284 239
 284 246
 284 247
 284 248
 284 249
 284 250
 284 251
 284 252
 284 254
 284 257
 284 259
 284 260
 284 261
 284 262
 284 273
 284 276
 284 277
 285 232
 285 238
 285 239
 285 240
 285 247
 285 254
 285 257
 285 261
 286 230
 286 231
 286 232
 286 237
 286 238
 286 239
 286 253
 286 254
 286 257
 286 258
 287 251
 287 252
 287 253
 287 256
 287 257
 287 258
 288 252
 288 253
 288 254
 288 255
 288 256
 288 257
 288 258
 289 251
 289 252
 289 253
 289 256
 289 258
 289 259
 289 260
 289 261
 289 262
 289 264
 290 250
 290 251
 290 257
 290 258
 290 260
 290 262
 290 263
 290 264
 290 265
 290 269
 290 270
 290 271
 290 272
 291 248
 291 249
 291 250
 291 251
 291 257
 291 258
 291 262
 291 265
 291 266
 291 267
 291 268
 291 269
 291 273
 291 282
 292 246
 292 247
 292 248
 292 251
 292 258
 292 265
 292 269
 292 270
 292 271
 292 272
 292 273
 292 281
 292 282
 293 235
 293 237
 293 240
 293 242
 293 243
 293 244
 293 245
 293 246
 293 248
 293 251
 293 255
 293 256
 293 257
 293 258
 293 259
 293 260
 293 261
 293 262
 293 265
 293 269
 293 271
 293 281
 293 282
 294 234
 294 235
 294 236
 294 237
 294 238
 294 239
 294 240
 294 243
 294 244
 294 248
 294 255
 294 256
 294 257
 294 259
 294 260
 294 262
 294 263
 294 265
 294 266
 294 269
 294 281
 294 295
 295 234
 295 236
 295 239
 295 240
 295 241
 295 242
 295 243
 295 247
 295 248
 295 255
 295 256
 295 260
 295 266
 295 269
 295 270
 295 277
 295 281
 295 282
 295 295
 296 234
 296 239
 296 242
 296 247
 296 248
 296 249
 296 250
 296 256
 296 260
 296 261
 296 266
 296 267
 296 269
 296 270
 296 271
 296 272
 296 273
 296 274
 296 275
 296 276
 296 277
 296 281
 296 292
 296 295
 296 309
 297 245
 297 246
 297 247
 297 248
 297 250
 297 256
 297 259
 297 260
 297 262
 297 267
 297 274
 297 277
 297 278
 297 279
 297 280
 297 281
 297 282
 297 291
 297 292
 297 293
 297 294
 297 295
 297 296
 297 309
 298 248
 298 250
 298 256
 298 258
 298 259
 298 260
 298 261
 298 262
 298 263
 298 266
 298 267
 298 268
 298 269
 298 273
 298 274
 298 280
 298 281
 298 282
 298 292
 298 297
 298 298
 298 305
 298 306
 298 309
 298 310
 298 311
 299 243
 299 244
 299 245
 299 246
 299 247
 299 248
 299 249
 299 254
 299 255
 299 256
 299 261
 299 267
 299 269
 299 274
 299 280
 299 281
 299 291
 299 292
 299 296
 299 297
 299 304
 299 305
 299 306
 299 307
 299 308
 299 309
 299 311
 300 247
 300 248
 300 249
 300 256
 300 260
 300 261
 300 262
 300 266
 300 267
 300 268
 300 269
 300 274
 300 275
 300 280
 300 281
 300 288
 300 289
 300 290
 300 291
 300 292
 300 295
 300 296
 300 304
 301 244
 301 245
 301 246
 301 247
 301 256
 301 260
 301 262
 301 269
 301 275
 301 280
 301 285
 301 286
 301 287
 301 288
 301 290
 301 292
 301 293
 301 294
 301 295
 301 296
 301 298
 301 299
 301 300
 301 301
 301 302
 301 303
 301 304
 301 305
 302 244
 302 246
 302 247
 302 248
 302 249
 302 250
 302 259
 302 260
 302 261
 302 279
 302 280
 302 281
 302 282
 302 285
 302 286
 302 292
 302 293
 302 296
 302 297
 302 298
 303 241
 303 244
 303 259
 303 260
 303 261
 303 281
 303 282
 303 284
 303 285
 303 292
 303 296
 304 239
 304 240
 304 241
 304 243
 304 244
 304 258
 304 259
 304 261
 304 281
 304 282
 304 283
 304 284
 304 285
 304 291
 304 292
 304 293
 304 294
 304 296
 304 314
 304 315
 304 316
 304 317
 304 318
 305 241
 305 242
 305 243
 305 255
 305 258
 305 259
 305 260
 305 261
 305 280
 305 281
 305 282
 305 284
 305 285
 305 286
 305 287
 305 292
 305 294
 305 296
 305 314
 306 211
 306 219
 306 220
 306 242
 306 243
 306 244
 306 245
 306 255
 306 256
 306 257
 306 258
 306 260
 306 261
 306 281
 306 282
 306 284
 306 287
 306 288
 306 292
 306 296
 306 297
 306 305
 306 309
 306 310
 306 311
 306 312
 306 313
 306 314
 306 315
 307 211
 307 220
 307 237
 307 239
 307 240
 307 241
 307 242
 307 255
 307 257
 307 260
 307 261
 307 262
 307 263
 307 264
 307 282
 307 287
 307 288
 307 289
 307 290
 307 296
 307 297
 307 298
 307 299
 307 300
 307 301
 307 302
 307 303
 307 304
 307 305
 307 306
 307 307
 307 308
 307 309
 307 312
 307 315
 308 209
 308 211
 308 219
 308 220
 308 221
 308 229
 308 231
 308 236
 308 237
 308 238
 308 239
 308 240
 308 242
 308 255
 308 257
 308 258
 308 260
 308 261
 308 263
 308 264
 308 280
 308 281
 308 282
 308 283
 308 284
 308 285
 308 286
 308 296
 308 297
 308 299
 308 304
 308 306
 308 309
 308 312
 309 209
 309 210
 309 211
 309 212
 309 213
 309 214
 309 215
 309 216
 309 217
 309 218
 309 219
 309 220
 309 221
 309 229
 309 230
 309 231
 309 232
 309 236
 309 237
 309 238
 309 239
 309 242
 309 253
 309 254
 309 255
 309 261
 309 263
 309 264
 309 282
 309 284
 310 209
 310 210
 310 211
 310 212
 310 221
 310 223
 310 231
 310 237
 310 241
 310 242
 310 243
 310 244
 310 245
 310 253
 310 255
 310 258
 310 259
 310 260
 310 261
 310 263
 310 282
 310 284
 310 285
 310 346
 310 347
 311 208
 311 209
 311 210
 311 219
 311 220
 311 221
 311 222
 311 223
 311 226
 311 231
 311 232
 311 237
 311 243
 311 249
 311 250
 311 251
 311 252
 311 253
 311 255
 311 256
 311 259
 311 261
 311 263
 311 264
 311 265
 311 266
 311 267
 311 268
 311 282
 311 347
 311 349
 311 350
 311 354
 312 220
 312 223
 312 224
 312 225
 312 226
 312 227
 312 228
 312 229
 312 230
 312 231
 312 232
 312 236
 312 237
 312 238
 312 253
 312 256
 312 257
 312 260
 312 261
 312 263
 312 265
 312 268
 312 282
 312 283
 312 284
 312 347
 312 350
 312 354
 313 217
 313 223
 313 232
 313 233
 313 234
 313 235
 313 236
 313 238
 313 252
 313 253
 313 255
 313 256
 313 261
 313 265
 313 266
 313 282
 313 283
 313 284
 313 286
 313 347
 313 350
 313 353
 313 354
 313 355
 314 217
 314 221
 314 222
 314 223
 314 232
 314 233
 314 237
 314 238
 314 251
 314 252
 314 253
 314 255
 314 261
 314 265
 314 266
 314 279
 314 280
 314 281
 314 282
 314 284
 314 285
 314 286
 314 331
 314 333
 314 346
 314 347
 314 349
 314 350
 314 351
 314 352
 314 353
 315 214
 315 215
 315 216
 315 217
 315 218
 315 219
 315 220
 315 221
 315 238
 315 239
 315 240
 315 252
 315 253
 315 265
 315 279
 315 285
 315 286
 315 289
 315 329
 315 330
 315 331
 315 332
 315 333
 315 340
 315 341
 315 347
 315 349
 315 353
 315 354
 315 355
 315 356
 315 357
 316 215
 316 217
 316 220
 316 221
 316 227
 316 236
 316 237
 316 238
 316 240
 316 249
 316 250
 316 251
 316 252
 316 253
 316 254
 316 255
 316 265
 316 266
 316 279
 316 285
 316 286
 316 287
 316 288
 316 289
 316 295
 316 297
 316 298
 316 299
 316 300
 316 330
 316 341
 316 346
 316 347
 316 348
 316 349
 316 356
 316 357
 317 215
 317 217
 317 220
 317 225
 317 227
 317 228
 317 229
 317 230
 317 231
 317 232
 317 233
 317 234
 317 235
 317 236
 317 240
 317 249
 317 251
 317 252
 317 254
 317 255
 317 265
 317 266
 317 268
 317 269
 317 270
 317 271
 317 278
 317 279
 317 285
 317 288
 317 289
 317 291
 317 293
 317 294
 317 295
 317 296
 317 297
 317 298
 317 299
 317 328
 317 329
 317 330
 317 331
 317 341
 317 342
 317 344
 317 346
 317 349
 317 350
 317 351
 318 214
 318 215
 318 225
 318 226
 318 227
 318 228
 318 229
 318 232
 318 233
 318 236
 318 240
 318 248
 318 249
 318 250
 318 251
 318 252
 318 254
 318 266
 318 267
 318 268
 318 277
 318 278
 318 289
 318 290
 318 291
 318 292
 318 293
 318 297
 318 318
 318 329
 318 330
 318 342
 318 344
 318 345
 318 346
 318 347
 318 348
 319 213
 319 214
 319 215
 319 225
 319 228
 319 231
 319 232
 319 236
 319 240
 319 241
 319 242
 319 243
 319 249
 319 252
 319 254
 319 265
 319 266
 319 267
 319 278
 319 279
 319 280
 319 281
 319 288
 319 289
 319 290
 319 293
 319 294
 319 297
 319 314
 319 318
 319 319
 319 320
 319 323
 319 330
 319 340
 319 341
 319 342
 319 344
 319 345
 319 346
 319 348
 320 215
 320 225
 320 227
 320 228
 320 232
 320 236
 320 239
 320 240
 320 243
 320 249
 320 252
 320 263
 320 264
 320 265
 320 266
 320 267
 320 268
 320 269
 320 278
 320 280
 320 281
 320 291
 320 292
 320 293
 320 294
 320 295
 320 297
 320 298
 320 299
 320 303
 320 304
 320 305
 320 306
 320 309
 320 310
 320 311
 320 312
 320 313
 320 314
 320 315
 320 316
 320 317
 320 318
 320 322
 320 323
 320 330
 320 338
 320 340
 320 342
 320 343
 320 344
 320 346
 321 215
 321 228
 321 232
 321 239
 321 243
 321 244
 321 266
 321 268
 321 270
 321 277
 321 278
 321 281
 321 282
 321 297
 321 299
 321 300
 321 301
 321 302
 321 303
 321 304
 321 305
 321 306
 321 307
 321 308
 321 309
 321 311
 321 314
 321 322
 321 326
 321 330
 321 331
 321 333
 321 335
 321 338
 321 339
 321 340
 321 341
 321 342
 321 343
 321 344
 322 226
 322 227
 322 228
 322 229
 322 232
 322 239
 322 243
 322 264
 322 265
 322 266
 322 267
 322 268
 322 269
 322 270
 322 271
 322 277
 322 281
 322 282
 322 283
 322 297
 322 300
 322 301
 322 302
 322 305
 322 306
 322 307
 322 308
 322 314
 322 322
 322 326
 322 327
 322 328
 322 329
 322 330
 322 332
 322 333
 322 334
 322 335
 322 336
 322 337
 322 338
 322 342
 322 343
 322 344
 323 226
 323 228
 323 229
 323 231
 323 232
 323 238
 323 239
 323 243
 323 244
 323 258
 323 259
 323 260
 323 261
 323 262
 323 263
 323 264
 323 265
 323 266
 323 269
 323 270
 323 271
 323 272
 323 277
 323 283
 323 287
 323 297
 323 300
 323 302
 323 307
 323 313
 323 314
 323 319
 323 322
 323 326
 323 328
 323 330
 323 331
 323 332
 323 338
 323 339
 323 343
 324 225
 324 226
 324 231
 324 238
 324 239
 324 243
 324 244
 324 245
 324 259
 324 266
 324 269
 324 277
 324 278
 324 283
 324 284
 324 285
 324 286
 324 287
 324 288
 324 295
 324 296
 324 297
 324 302
 324 307
 324 308
 324 314
 324 315
 324 319
 324 320
 324 321
 324 322
 324 323
 324 324
 324 325
 324 326
 324 331
 324 332
 324 339
 324 343
 324 363
 325 222
 325 224
 325 226
 325 244
 325 259
 325 268
 325 269
 325 277
 325 282
 325 283
 325 285
 325 287
 325 288
 325 295
 325 296
 325 297
 325 298
 325 302
 325 303
 325 313
 325 314
 325 315
 325 316
 325 317
 325 318
 325 319
 325 324
 325 325
 325 326
 325 327
 325 328
 325 343
 325 363
 326 222
 326 224
 326 225
 326 226
 326 242
 326 243
 326 244
 326 245
 326 246
 326 268
 326 277
 326 281
 326 282
 326 285
 326 288
 326 289
 326 290
 326 295
 326 313
 326 316
 326 319
 326 320
 326 321
 326 324
 326 351
 326 358
 326 363
 327 222
 327 224
 327 225
 327 226
 327 238
 327 239
 327 240
 327 241
 327 242
 327 243
 327 245
 327 268
 327 277
 327 278
 327 279
 327 281
 327 284
 327 285
 327 286
 327 290
 327 291
 327 295
 327 311
 327 312
 327 313
 327 316
 327 321
 327 324
 327 351
 327 357
 327 358
 327 363
 327 364
 328 222
 328 223
 328 224
 328 238
 328 243
 328 245
 328 246
 328 247
 328 268
 328 269
 328 270
 328 271
 328 272
 328 273
 328 279
 328 285
 328 286
 328 289
 328 290
 328 291
 328 292
 328 293
 328 295
 328 312
 328 316
 328 321
 328 322
 328 349
 328 351
 328 355
 328 357
 328 364
 329 221
 329 222
 329 224
 329 225
 329 238
 329 244
 329 245
 329 246
 329 264
 329 265
 329 266
 329 267
 329 268
 329 270
 329 273
 329 278
 329 279
 329 286
 329 289
 329 291
 329 295
 329 311
 329 312
 329 315
 329 316
 329 317
 329 318
 329 319
 329 322
 329 349
 329 351
 329 355
 329 357
 329 364
 330 222
 330 223
 330 224
 330 225
 330 238
 330 246
 330 265
 330 268
 330 273
 330 286
 330 287
 330 295
 330 296
 330 311
 330 314
 330 315
 330 318
 330 322
 330 323
 330 324
 330 344
 330 348
 330 349
 330 350
 330 351
 330 352
 330 353
 330 354
 330 355
 330 356
 330 357
 330 358
 330 364
 331 220
 331 223
 331 225
 331 226
 331 245
 331 246
 331 265
 331 267
 331 268
 331 269
 331 273
 331 286
 331 287
 331 314
 331 321
 331 322
 331 323
 331 324
 331 328
 331 339
 331 344
 331 348
 331 349
 331 350
 331 354
 331 356
 331 357
 331 364
 331 365
 332 219
 332 220
 332 223
 332 246
 332 264
 332 265
 332 268
 332 273
 332 274
 332 284
 332 285
 332 286
 332 318
 332 319
 332 320
 332 321
 332 323
 332 324
 332 328
 332 335
 332 339
 332 340
 332 342
 332 343
 332 344
 332 345
 332 346
 332 347
 332 348
 332 354
 332 357
 332 364
 333 220
 333 221
 333 223
 333 246
 333 263
 333 264
 333 268
 333 284
 333 286
 333 287
 333 288
 333 319
 333 321
 333 323
 333 326
 333 327
 333 328
 333 332
 333 333
 333 335
 333 339
 333 342
 333 345
 333 346
 333 347
 333 348
 333 364
 334 218
 334 219
 334 220
 334 221
 334 222
 334 223
 334 224
 334 225
 334 226
 334 246
 334 247
 334 268
 334 270
 334 271
 334 283
 334 284
 334 287
 334 288
 334 318
 334 319
 334 321
 334 322
 334 323
 334 324
 334 325
 334 326
 334 332
 334 333
 334 334
 334 335
 334 336
 334 337
 334 338
 334 339
 334 340
 334 341
 334 342
 334 343
 334 347
 334 348
 334 349
 334 363
 334 364
 334 367
 334 384
 335 219
 335 220
 335 221
 335 223
 335 226
 335 268
 335 270
 335 287
 335 320
 335 321
 335 323
 335 326
 335 327
 335 328
 335 329
 335 330
 335 331
 335 332
 335 334
 335 339
 335 340
 335 343
 335 344
 335 349
 335 363
 335 366
 335 367
 335 368
 335 369
 335 370
 335 383
 335 384
 335 385
 336 218
 336 219
 336 223
 336 224
 336 266
 336 267
 336 268
 336 269
 336 270
 336 271
 336 287
 336 288
 336 289
 336 323
 336 326
 336 330
 336 332
 336 339
 336 340
 336 344
 336 352
 336 353
 336 354
 336 363
 336 366
 336 371
 336 372
 336 381
 336 382
 336 383
 336 385
 336 386
 336 387
 337 215
 337 217
 337 218
 337 263
 337 264
 337 265
 337 266
 337 268
 337 269
 337 270
 337 288
 337 289
 337 322
 337 323
 337 326
 337 330
 337 332
 337 333
 337 334
 337 339
 337 343
 337 344
 337 345
 337 346
 337 347
 337 352
 337 356
 337 362
 337 363
 337 364
 337 365
 337 366
 337 367
 337 368
 337 371
 337 372
 337 381
 338 215
 338 216
 338 217
 338 218
 338 263
 338 265
 338 266
 338 270
 338 271
 338 272
 338 288
 338 289
 338 294
 338 295
 338 296
 338 323
 338 326
 338 327
 338 328
 338 330
 338 332
 338 334
 338 335
 338 339
 338 343
 338 345
 338 346
 338 347
 338 348
 338 349
 338 350
 338 351
 338 352
 338 353
 338 354
 338 355
 338 356
 338 357
 338 360
 338 361
 338 362
 338 370
 338 371
 338 381
 339 214
 339 215
 339 263
 339 269
 339 270
 339 271
 339 272
 339 289
 339 293
 339 294
 339 323
 339 327
 339 332
 339 334
 339 335
 339 336
 339 338
 339 346
 339 349
 339 353
 339 354
 339 356
 339 357
 339 358
 339 359
 339 360
 339 361
 339 362
 339 369
 339 370
 339 377
 339 378
 339 381
 339 382
 340 253
 340 254
 340 255
 340 256
 340 257
 340 261
 340 262
 340 263
 340 269
 340 274
 340 287
 340 288
 340 289
 340 290
 340 291
 340 292
 340 293
 340 308
 340 323
 340 327
 340 332
 340 333
 340 335
 340 336
 340 337
 340 338
 340 339
 340 340
 340 349
 340 350
 340 351
 340 354
 340 356
 340 358
 340 360
 340 362
 340 363
 340 368
 340 369
 340 371
 340 372
 340 377
 340 380
 340 381
 341 253
 341 257
 341 258
 341 259
 341 260
 341 261
 341 262
 341 263
 341 268
 341 269
 341 270
 341 271
 341 272
 341 273
 341 274
 341 288
 341 289
 341 292
 341 293
 341 294
 341 295
 341 298
 341 299
 341 300
 341 301
 341 302
 341 303
 341 304
 341 305
 341 308
 341 309
 341 321
 341 322
 341 323
 341 324
 341 325
 341 326
 341 332
 341 337
 341 338
 341 339
 341 349
 341 350
 341 353
 341 354
 341 356
 341 357
 341 360
 341 367
 341 368
 341 369
 341 370
 341 371
 341 377
 341 378
 341 379
 341 380
 342 253
 342 254
 342 255
 342 256
 342 257
 342 258
 342 263
 342 270
 342 272
 342 274
 342 289
 342 291
 342 292
 342 293
 342 294
 342 296
 342 297
 342 298
 342 299
 342 301
 342 304
 342 305
 342 306
 342 307
 342 308
 342 309
 342 321
 342 322
 342 324
 342 325
 342 326
 342 336
 342 337
 342 338
 342 340
 342 349
 342 353
 342 356
 342 363
 342 364
 342 365
 342 366
 342 367
 342 377
 342 378
 342 383
 342 392
 342 398
 343 257
 343 263
 343 270
 343 274
 343 276
 343 289
 343 291
 343 292
 343 293
 343 294
 343 296
 343 298
 343 301
 343 304
 343 308
 343 309
 343 310
 343 321
 343 323
 343 324
 343 326
 343 327
 343 328
 343 329
 343 337
 343 338
 343 339
 343 340
 343 341
 343 342
 343 343
 343 344
 343 349
 343 350
 343 353
 343 356
 343 357
 343 358
 343 361
 343 363
 343 367
 343 376
 343 377
 343 378
 343 379
 343 380
 343 381
 343 382
 343 383
 343 392
 343 398
 344 255
 344 256
 344 257
 344 263
 344 265
 344 266
 344 267
 344 268
 344 269
 344 270
 344 273
 344 274
 344 275
 344 276
 344 277
 344 288
 344 289
 344 291
 344 292
 344 294
 344 295
 344 296
 344 297
 344 298
 344 301
 344 304
 344 305
 344 306
 344 310
 344 311
 344 312
 344 313
 344 314
 344 319
 344 320
 344 321
 344 324
 344 328
 344 329
 344 338
 344 339
 344 341
 344 342
 344 344
 344 345
 344 353
 344 358
 344 359
 344 360
 344 361
 344 362
 344 363
 344 364
 344 367
 344 373
 344 374
 344 375
 344 376
 344 377
 344 378
 344 379
 344 381
 344 391
 344 392
 344 398
 344 400
 345 255
 345 256
 345 270
 345 288
 345 289
 345 291
 345 292
 345 293
 345 294
 345 296
 345 297
 345 301
 345 302
 345 306
 345 307
 345 308
 345 309
 345 310
 345 311
 345 320
 345 321
 345 323
 345 324
 345 326
 345 327
 345 328
 345 338
 345 344
 345 345
 345 346
 345 353
 345 358
 345 359
 345 360
 345 364
 345 367
 345 368
 345 369
 345 370
 345 371
 345 372
 345 373
 345 377
 345 378
 345 388
 345 389
 345 392
 345 398
 345 400
 346 254
 346 255
 346 269
 346 270
 346 271
 346 272
 346 287
 346 288
 346 289
 346 291
 346 292
 346 294
 346 296
 346 297
 346 302
 346 308
 346 310
 346 311
 346 312
 346 313
 346 314
 346 320
 346 324
 346 328
 346 338
 346 344
 346 346
 346 353
 346 354
 346 355
 346 358
 346 360
 346 364
 346 367
 346 371
 346 378
 346 384
 346 388
 346 389
 346 390
 346 391
 346 392
 346 393
 346 394
 346 396
 346 397
 346 398
 346 399
 346 400
 347 252
 347 253
 347 254
 347 255
 347 268
 347 269
 347 272
 347 273
 347 288
 347 291
 347 292
 347 296
 347 297
 347 298
 347 301
 347 302
 347 303
 347 304
 347 307
 347 308
 347 310
 347 312
 347 328
 347 329
 347 338
 347 344
 347 355
 347 358
 347 360
 347 361
 347 362
 347 367
 347 368
 347 369
 347 371
 347 373
 347 374
 347 375
 347 378
 347 379
 347 380
 347 381
 347 382
 347 383
 347 384
 347 385
 347 386
 347 387
 347 388
 347 393
 347 394
 347 395
 347 396
 347 400
 347 401
 347 402
 348 253
 348 255
 348 269
 348 270
 348 271
 348 273
 348 274
 348 275
 348 291
 348 292
 348 293
 348 295
 348 296
 348 297
 348 301
 348 303
 348 304
 348 307
 348 308
 348 310
 348 312
 348 313
 348 314
 348 315
 348 316
 348 317
 348 318
 348 325
 348 326
 348 327
 348 328
 348 329
 348 330
 348 344
 348 355
 348 356
 348 359
 348 360
 348 361
 348 370
 348 371
 348 372
 348 373
 348 374
 348 375
 348 378
 348 384
 348 393
 348 395
 348 396
 349 253
 349 269
 349 271
 349 273
 349 274
 349 275
 349 290
 349 291
 349 295
 349 297
 349 298
 349 299
 349 303
 349 311
 349 312
 349 315
 349 316
 349 326
 349 330
 349 331
 349 355
 349 360
 349 361
 349 362
 349 371
 349 373
 349 374
 349 383
 349 384
 349 385
 350 268
 350 269
 350 275
 350 278
 350 291
 350 292
 350 295
 350 299
 350 303
 350 304
 350 305
 350 306
 350 326
 350 331
 350 332
 350 333
 350 334
 350 335
 350 337
 350 338
 350 339
 350 340
 350 341
 350 342
 350 355
 350 359
 350 360
 350 361
 350 362
 350 363
 350 370
 350 371
 350 374
 350 375
 351 268
 351 269
 351 274
 351 275
 351 276
 351 277
 351 278
 351 279
 351 291
 351 292
 351 303
 351 305
 351 306
 351 326
 351 327
 351 328
 351 329
 351 332
 351 333
 351 335
 351 336
 351 337
 351 340
 351 341
 351 342
 351 344
 351 345
 351 346
 351 347
 351 355
 351 356
 351 357
 351 359
 351 361
 351 363
 351 364
 351 371
 352 268
 352 269
 352 274
 352 276
 352 278
 352 279
 352 280
 352 281
 352 289
 352 290
 352 291
 352 292
 352 293
 352 294
 352 326
 352 327
 352 328
 352 333
 352 335
 352 336
 352 337
 352 341
 352 342
 352 343
 352 344
 352 347
 352 355
 352 361
 352 362
 352 371
 352 372
 352 379
 353 254
 353 255
 353 256
 353 257
 353 258
 353 268
 353 269
 353 270
 353 271
 353 273
 353 274
 353 276
 353 277
 353 278
 353 289
 353 291
 353 292
 353 293
 353 323
 353 324
 353 325
 353 326
 353 333
 353 335
 353 336
 353 342
 353 343
 353 355
 353 356
 353 357
 353 361
 353 372
 353 375
 353 379
 353 380
 353 381
 353 382
 354 258
 354 259
 354 260
 354 263
 354 269
 354 270
 354 272
 354 273
 354 274
 354 277
 354 278
 354 279
 354 289
 354 293
 354 294
 354 295
 354 296
 354 297
 354 298
 354 299
 354 326
 354 327
 354 328
 354 335
 354 336
 354 337
 354 338
 354 343
 354 355
 354 356
 354 361
 354 362
 354 372
 354 373
 354 374
 354 375
 354 376
 354 377
 354 378
 354 379
 354 382
 355 256
 355 257
 355 258
 355 260
 355 261
 355 262
 355 263
 355 264
 355 265
 355 266
 355 267
 355 268
 355 269
 355 270
 355 274
 355 276
 355 277
 355 279
 355 287
 355 288
 355 289
 355 290
 355 293
 355 294
 355 297
 355 299
 355 300
 355 301
 355 308
 355 327
 355 334
 355 335
 355 336
 355 337
 355 338
 355 343
 355 344
 355 356
 355 357
 355 358
 355 361
 355 362
 355 363
 355 364
 355 372
 355 373
 355 377
 355 379
 355 380
 355 381
 356 250
 356 255
 356 256
 356 260
 356 261
 356 265
 356 267
 356 269
 356 270
 356 271
 356 272
 356 273
 356 279
 356 280
 356 281
 356 282
 356 290
 356 294
 356 299
 356 300
 356 307
 356 308
 356 309
 356 326
 356 327
 356 331
 356 338
 356 343
 356 344
 356 345
 356 346
 356 354
 356 355
 356 356
 356 361
 356 379
 356 381
 356 382
 356 383
 356 384
 357 247
 357 248
 357 249
 357 250
 357 251
 357 252
 357 253
 357 254
 357 255
 357 256
 357 259
 357 260
 357 265
 357 268
 357 269
 357 270
 357 271
 357 272
 357 279
 357 281
 357 290
 357 294
 357 299
 357 300
 357 301
 357 302
 357 303
 357 304
 357 305
 357 306
 357 307
 357 308
 357 326
 357 327
 357 328
 357 329
 357 330
 357 331
 357 337
 357 338
 357 339
 357 345
 357 346
 357 354
 357 356
 357 357
 357 358
 357 361
 357 362
 357 363
 357 364
 357 365
 357 366
 357 368
 357 369
 357 370
 357 375
 357 376
 357 406
 357 407
 357 408
 357 409
 357 410
 358 252
 358 253
 358 254
 358 264
 358 265
 358 266
 358 271
 358 281
 358 290
 358 294
 358 299
 358 300
 358 304
 358 305
 358 307
 358 308
 358 309
 358 326
 358 327
 358 328
 358 331
 358 332
 358 338
 358 339
 358 341
 358 345
 358 346
 358 356
 358 357
 358 358
 358 359
 358 363
 358 366
 358 367
 358 368
 358 370
 358 375
 358 377
 358 405
 358 406
 358 407
 358 408
 358 409
 358 410
 358 411
 359 251
 359 252
 359 262
 359 263
 359 264
 359 266
 359 271
 359 272
 359 273
 359 274
 359 276
 359 281
 359 282
 359 283
 359 284
 359 294
 359 295
 359 296
 359 300
 359 301
 359 302
 359 305
 359 307
 359 308
 359 309
 359 310
 359 325
 359 326
 359 328
 359 338
 359 339
 359 340
 359 341
 359 342
 359 343
 359 346
 359 356
 359 359
 359 360
 359 365
 359 366
 359 370
 359 371
 359 372
 359 373
 359 374
 359 375
 359 376
 359 377
 359 381
 359 396
 359 406
 359 407
 359 409
 360 255
 360 256
 360 261
 360 262
 360 266
 360 270
 360 271
 360 273
 360 274
 360 275
 360 276
 360 282
 360 293
 360 294
 360 296
 360 297
 360 298
 360 304
 360 305
 360 324
 360 326
 360 328
 360 329
 360 341
 360 342
 360 360
 360 366
 360 374
 360 377
 360 381
 360 388
 360 389
 360 390
 360 396
 360 406
 361 256
 361 257
 361 258
 361 262
 361 265
 361 266
 361 269
 361 270
 361 272
 361 273
 361 274
 361 275
 361 276
 361 277
 361 282
 361 283
 361 284
 361 285
 361 286
 361 293
 361 294
 361 305
 361 306
 361 323
 361 324
 361 325
 361 326
 361 328
 361 329
 361 341
 361 342
 361 360
 361 361
 361 366
 361 367
 361 368
 361 369
 361 373
 361 374
 361 375
 361 377
 361 378
 361 379
 361 380
 361 381
 361 382
 361 387
 361 389
 361 395
 361 396
 361 397
 361 398
 361 399
 361 404
 361 406
 361 407
 361 410
 361 411
 361 413
 362 256
 362 257
 362 258
 362 259
 362 260
 362 261
 362 262
 362 265
 362 268
 362 269
 362 270
 362 274
 362 275
 362 282
 362 294
 362 305
 362 325
 362 329
 362 341
 362 342
 362 343
 362 344
 362 345
 362 349
 362 360
 362 366
 362 373
 362 379
 362 381
 362 382
 362 383
 362 384
 362 385
 362 386
 362 387
 362 388
 362 389
 362 390
 362 391
 362 392
 362 393
 362 394
 362 395
 362 398
 362 402
 362 403
 362 404
 362 405
 362 406
 362 407
 362 409
 362 410
 362 411
 362 412
 362 413
 363 250
 363 251
 363 252
 363 253
 363 254
 363 255
 363 256
 363 257
 363 260
 363 261
 363 265
 363 269
 363 270
 363 274
 363 282
 363 294
 363 295
 363 305
 363 325
 363 326
 363 327
 363 328
 363 341
 363 344
 363 345
 363 346
 363 347
 363 348
 363 349
 363 350
 363 351
 363 360
 363 366
 363 367
 363 368
 363 369
 363 372
 363 373
 363 374
 363 375
 363 376
 363 377
 363 379
 363 384
 363 387
 363 391
 363 393
 363 395
 363 398
 363 401
 363 402
 363 407
 363 408
 363 409
 363 413
 364 252
 364 257
 364 264
 364 265
 364 266
 364 270
 364 271
 364 273
 364 274
 364 275
 364 276
 364 277
 364 278
 364 282
 364 294
 364 305
 364 306
 364 307
 364 308
 364 325
 364 328
 364 332
 364 340
 364 341
 364 342
 364 343
 364 344
 364 349
 364 350
 364 351
 364 360
 364 361
 364 366
 364 375
 364 377
 364 379
 364 380
 364 383
 364 384
 364 385
 364 387
 364 391
 364 395
 364 396
 364 397
 364 398
 364 399
 364 400
 364 401
 364 402
 364 409
 364 410
 364 413
 365 250
 365 257
 365 265
 365 273
 365 274
 365 276
 365 278
 365 281
 365 282
 365 283
 365 284
 365 285
 365 286
 365 294
 365 295
 365 296
 365 305
 365 308
 365 325
 365 326
 365 328
 365 329
 365 330
 365 331
 365 332
 365 342
 365 344
 365 345
 365 349
 365 350
 365 351
 365 352
 365 355
 365 361
 365 366
 365 367
 365 374
 365 375
 365 376
 365 380
 365 381
 365 385
 365 390
 365 391
 365 395
 365 399
 365 400
 365 401
 365 404
 365 413
 365 414
 366 250
 366 251
 366 252
 366 253
 366 264
 366 265
 366 266
 366 273
 366 274
 366 278
 366 281
 366 282
 366 284
 366 285
 366 291
 366 292
 366 293
 366 294
 366 295
 366 296
 366 297
 366 298
 366 303
 366 304
 366 305
 366 306
 366 307
 366 308
 366 309
 366 325
 366 326
 366 328
 366 331
 366 332
 366 333
 366 334
 366 342
 366 344
 366 349
 366 352
 366 353
 366 354
 366 355
 366 367
 366 376
 366 377
 366 381
 366 391
 366 392
 366 395
 366 401
 366 402
 366 403
 366 404
 366 405
 366 414
 367 253
 367 254
 367 255
 367 256
 367 257
 367 258
 367 259
 367 260
 367 261
 367 262
 367 263
 367 264
 367 270
 367 271
 367 272
 367 273
 367 274
 367 282
 367 284
 367 285
 367 291
 367 293
 367 294
 367 295
 367 296
 367 297
 367 298
 367 306
 367 326
 367 330
 367 331
 367 332
 367 333
 367 334
 367 344
 367 353
 367 354
 367 355
 367 376
 367 377
 367 381
 367 395
 367 402
 367 403
 367 405
 367 406
 368 251
 368 252
 368 253
 368 254
 368 264
 368 271
 368 272
 368 273
 368 274
 368 282
 368 285
 368 293
 368 295
 368 296
 368 297
 368 298
 368 306
 368 307
 368 308
 368 309
 368 324
 368 325
 368 326
 368 329
 368 330
 368 332
 368 335
 368 336
 368 340
 368 343
 368 344
 368 345
 368 353
 368 354
 368 355
 368 356
 368 357
 368 361
 368 362
 368 367
 368 368
 368 369
 368 370
 368 377
 368 378
 368 381
 368 395
 368 405
 368 406
 368 410
 369 254
 369 264
 369 271
 369 273
 369 274
 369 275
 369 281
 369 282
 369 285
 369 292
 369 293
 369 294
 369 295
 369 296
 369 298
 369 299
 369 300
 369 309
 369 310
 369 311
 369 312
 369 325
 369 326
 369 332
 369 333
 369 334
 369 335
 369 336
 369 337
 369 338
 369 339
 369 340
 369 345
 369 350
 369 351
 369 352
 369 353
 369 357
 369 358
 369 359
 369 360
 369 361
 369 362
 369 367
 369 377
 369 381
 369 395
 369 396
 369 397
 369 398
 369 400
 369 406
 369 407
 369 408
 369 409
 369 410
 369 413
 370 262
 370 264
 370 270
 370 271
 370 274
 370 275
 370 276
 370 277
 370 281
 370 282
 370 291
 370 292
 370 294
 370 295
 370 296
 370 299
 370 300
 370 301
 370 302
 370 303
 370 304
 370 310
 370 330
 370 331
 370 332
 370 335
 370 340
 370 345
 370 346
 370 351
 370 352
 370 353
 370 354
 370 357
 370 362
 370 363
 370 364
 370 365
 370 366
 370 367
 370 396
 370 397
 370 398
 370 399
 370 400
 370 410
 370 411
 370 412
 370 413
 370 414
 371 260
 371 261
 371 262
 371 263
 371 264
 371 268
 371 269
 371 270
 371 271
 371 275
 371 277
 371 281
 371 291
 371 292
 371 301
 371 302
 371 330
 371 332
 371 333
 371 335
 371 336
 371 337
 371 340
 371 346
 371 354
 371 356
 371 357
 371 358
 371 359
 371 360
 371 362
 371 365
 371 366
 371 367
 371 368
 371 369
 371 370
 371 371
 371 397
 371 398
 371 399
 371 400
 371 401
 371 404
 371 405
 371 406
 371 407
 372 262
 372 268
 372 271
 372 275
 372 276
 372 277
 372 281
 372 291
 372 292
 372 293
 372 294
 372 302
 372 330
 372 333
 372 334
 372 337
 372 338
 372 346
 372 347
 372 348
 372 349
 372 354
 372 356
 372 357
 372 358
 372 362
 372 363
 372 365
 372 366
 372 367
 372 394
 372 395
 372 396
 372 397
 372 399
 372 401
 372 402
 372 403
 372 404
 373 254
 373 261
 373 262
 373 271
 373 277
 373 281
 373 282
 373 290
 373 291
 373 292
 373 294
 373 295
 373 302
 373 330
 373 331
 373 334
 373 335
 373 346
 373 348
 373 353
 373 354
 373 355
 373 356
 373 358
 373 359
 373 360
 373 363
 373 365
 373 367
 373 395
 373 396
 373 397
 373 401
 373 402
 373 404
 373 405
 374 254
 374 257
 374 262
 374 263
 374 271
 374 272
 374 277
 374 281
 374 282
 374 290
 374 292
 374 293
 374 302
 374 303
 374 305
 374 329
 374 330
 374 331
 374 334
 374 336
 374 346
 374 353
 374 354
 374 358
 374 360
 374 363
 374 364
 374 365
 374 367
 374 368
 374 395
 374 396
 374 397
 374 398
 374 404
 374 405
 374 406
 375 251
 375 254
 375 255
 375 256
 375 257
 375 258
 375 259
 375 260
 375 261
 375 262
 375 263
 375 272
 375 277
 375 280
 375 281
 375 282
 375 290
 375 292
 375 302
 375 303
 375 304
 375 305
 375 329
 375 333
 375 334
 375 335
 375 336
 375 346
 375 353
 375 357
 375 358
 375 359
 375 365
 375 367
 375 392
 375 393
 375 394
 375 395
 375 398
 375 404
 375 405
 375 409
 375 412
 375 413
 375 414
 375 415
 375 416
 375 417
 375 418
 376 251
 376 253
 376 254
 376 262
 376 272
 376 273
 376 274
 376 278
 376 279
 376 280
 376 281
 376 282
 376 283
 376 292
 376 302
 376 304
 376 327
 376 328
 376 329
 376 333
 376 334
 376 336
 376 353
 376 357
 376 359
 376 360
 376 365
 376 367
 376 368
 376 373
 376 395
 376 396
 376 405
 376 406
 376 407
 376 408
 376 409
 376 411
 376 412
 376 414
 376 417
 376 418
 376 419
 376 420
 377 249
 377 250
 377 251
 377 252
 377 253
 377 257
 377 261
 377 262
 377 263
 377 272
 377 274
 377 281
 377 283
 377 292
 377 303
 377 304
 377 329
 377 336
 377 337
 377 338
 377 353
 377 357
 377 360
 377 363
 377 367
 377 368
 377 369
 377 370
 377 371
 377 372
 377 373
 377 374
 377 375
 377 394
 377 395
 377 407
 377 409
 377 410
 377 411
 377 412
 377 420
 378 250
 378 252
 378 253
 378 257
 378 258
 378 259
 378 260
 378 261
 378 262
 378 263
 378 264
 378 265
 378 266
 378 272
 378 274
 378 280
 378 281
 378 282
 378 283
 378 291
 378 292
 378 293
 378 294
 378 329
 378 336
 378 352
 378 353
 378 354
 378 357
 378 359
 378 360
 378 361
 378 362
 378 363
 378 368
 378 371
 378 372
 378 374
 378 375
 378 376
 378 394
 378 420
 379 253
 379 257
 379 260
 379 265
 379 273
 379 274
 379 280
 379 291
 379 293
 379 329
 379 330
 379 331
 379 332
 379 336
 379 337
 379 338
 379 354
 379 357
 379 360
 379 368
 379 371
 379 372
 379 376
 379 392
 379 393
 379 394
 379 395
 380 253
 380 258
 380 259
 380 260
 380 261
 380 262
 380 274
 380 275
 380 289
 380 290
 380 291
 380 293
 380 294
 380 295
 380 331
 380 332
 380 337
 380 340
 380 341
 380 354
 380 355
 380 357
 380 360
 380 367
 380 368
 380 371
 380 372
 380 373
 380 374
 380 392
 380 395
 381 260
 381 262
 381 274
 381 289
 381 291
 381 294
 381 295
 381 299
 381 331
 381 337
 381 338
 381 339
 381 340
 381 355
 381 360
 381 361
 381 362
 381 367
 381 368
 381 374
 381 375
 381 376
 381 377
 381 395
 381 403
 382 246
 382 260
 382 262
 382 263
 382 264
 382 288
 382 289
 382 291
 382 292
 382 293
 382 294
 382 295
 382 296
 382 297
 382 298
 382 299
 382 330
 382 331
 382 332
 382 339
 382 362
 382 363
 382 364
 382 367
 382 368
 382 376
 382 377
 382 395
 382 397
 382 398
 382 399
 382 401
 382 402
 382 403
 382 404
 382 405
 382 406
 383 246
 383 255
 383 256
 383 257
 383 258
 383 259
 383 260
 383 263
 383 289
 383 292
 383 294
 383 295
 383 297
 383 298
 383 299
 383 300
 383 301
 383 302
 383 306
 383 311
 383 330
 383 339
 383 361
 383 362
 383 368
 383 369
 383 370
 383 394
 383 395
 383 396
 383 397
 383 399
 383 400
 383 401
 383 404
 383 405
 383 406
 383 407
 383 408
 383 409
 383 410
 383 411
 383 412
 384 245
 384 246
 384 247
 384 258
 384 260
 384 261
 384 262
 384 263
 384 264
 384 290
 384 291
 384 292
 384 295
 384 301
 384 302
 384 306
 384 310
 384 311
 384 327
 384 330
 384 339
 384 340
 384 342
 384 344
 384 361
 384 362
 384 368
 384 370
 384 371
 384 372
 384 373
 384 393
 384 394
 384 396
 384 398
 384 399
 384 401
 384 404
 384 407
 384 411
 385 245
 385 246
 385 247
 385 250
 385 255
 385 256
 385 257
 385 258
 385 259
 385 262
 385 289
 385 290
 385 292
 385 293
 385 294
 385 301
 385 302
 385 303
 385 304
 385 305
 385 306
 385 307
 385 308
 385 309
 385 310
 385 326
 385 327
 385 328
 385 329
 385 330
 385 331
 385 332
 385 340
 385 341
 385 342
 385 343
 385 344
 385 360
 385 361
 385 362
 385 370
 385 373
 385 374
 385 375
 385 376
 385 377
 385 393
 385 398
 385 399
 385 400
 385 401
 385 407
 385 408
 386 246
 386 247
 386 248
 386 249
 386 250
 386 251
 386 252
 386 253
 386 254
 386 255
 386 257
 386 259
 386 289
 386 290
 386 292
 386 294
 386 300
 386 301
 386 302
 386 303
 386 305
 386 309
 386 310
 386 311
 386 312
 386 326
 386 329
 386 330
 386 336
 386 340
 386 341
 386 344
 386 345
 386 360
 386 362
 386 374
 386 393
 386 394
 386 398
 386 401
 386 402
 386 406
 386 407
 386 408
 386 409
 386 413
 386 414
 387 246
 387 248
 387 254
 387 257
 387 259
 387 290
 387 292
 387 302
 387 305
 387 309
 387 312
 387 313
 387 314
 387 315
 387 328
 387 329
 387 330
 387 331
 387 332
 387 335
 387 336
 387 340
 387 344
 387 362
 387 374
 387 394
 387 398
 387 402
 387 408
 387 409
 387 410
 387 411
 387 412
 387 413
 387 414
 387 415
 387 416
 387 417
 387 418
 387 419
 388 257
 388 259
 388 292
 388 302
 388 309
 388 310
 388 315
 388 330
 388 331
 388 332
 388 334
 388 335
 388 336
 388 340
 388 344
 388 346
 388 347
 388 348
 388 349
 388 360
 388 361
 388 362
 388 363
 388 374
 388 375
 388 376
 388 377
 388 398
 388 402
 388 403
 388 409
 388 414
 388 415
 388 416
 388 418
 389 258
 389 259
 389 260
 389 261
 389 262
 389 292
 389 293
 389 294
 389 295
 389 302
 389 303
 389 310
 389 311
 389 312
 389 331
 389 332
 389 333
 389 334
 389 335
 389 336
 389 337
 389 340
 389 344
 389 345
 389 346
 389 348
 389 349
 389 350
 389 351
 389 352
 389 353
 389 363
 389 364
 389 374
 389 398
 389 407
 389 408
 389 409
 389 410
 389 416
 390 254
 390 255
 390 256
 390 257
 390 258
 390 261
 390 292
 390 295
 390 302
 390 303
 390 304
 390 305
 390 331
 390 334
 390 337
 390 345
 390 346
 390 347
 390 353
 390 364
 390 374
 390 375
 390 376
 390 377
 390 378
 390 407
 390 409
 390 410
 390 411
 390 412
 391 244
 391 251
 391 254
 391 256
 391 257
 391 258
 391 261
 391 294
 391 295
 391 296
 391 297
 391 302
 391 303
 391 304
 391 305
 391 308
 391 309
 391 331
 391 334
 391 337
 391 338
 391 347
 391 364
 391 365
 391 366
 391 374
 391 375
 391 377
 391 378
 391 379
 391 380
 391 409
 391 410
 392 242
 392 243
 392 244
 392 245
 392 246
 392 247
 392 248
 392 251
 392 252
 392 253
 392 254
 392 256
 392 257
 392 260
 392 261
 392 262
 392 265
 392 293
 392 294
 392 295
 392 297
 392 304
 392 305
 392 306
 392 307
 392 308
 392 327
 392 328
 392 329
 392 330
 392 331
 392 334
 392 335
 392 338
 392 339
 392 340
 392 347
 392 375
 392 377
 392 380
 392 381
 392 382
 392 386
 392 388
 392 408
 392 409
 393 242
 393 248
 393 249
 393 250
 393 251
 393 252
 393 253
 393 259
 393 260
 393 262
 393 263
 393 264
 393 265
 393 294
 393 295
 393 296
 393 305
 393 331
 393 332
 393 335
 393 338
 393 340
 393 347
 393 375
 393 379
 393 380
 393 382
 393 383
 393 384
 393 385
 393 386
 393 387
 393 388
 393 407
 393 408
 394 249
 394 250
 394 251
 394 253
 394 260
 394 265
 394 266
 394 267
 394 268
 394 269
 394 270
 394 294
 394 295
 394 296
 394 303
 394 304
 394 305
 394 306
 394 307
 394 308
 394 330
 394 331
 394 332
 394 335
 394 338
 394 347
 394 373
 394 374
 394 375
 394 378
 394 379
 394 380
 394 386
 394 388
 394 389
 394 390
 394 391
 394 406
 394 407
 394 408
 394 409
 395 244
 395 245
 395 246
 395 247
 395 248
 395 249
 395 260
 395 265
 395 269
 395 294
 395 302
 395 303
 395 307
 395 329
 395 330
 395 331
 395 335
 395 347
 395 348
 395 371
 395 372
 395 373
 395 374
 395 375
 395 378
 395 380
 395 385
 395 386
 395 389
 395 390
 395 391
 395 392
 395 408
 395 409
 395 410
 396 246
 396 258
 396 259
 396 260
 396 261
 396 262
 396 263
 396 265
 396 294
 396 295
 396 296
 396 302
 396 305
 396 306
 396 307
 396 308
 396 309
 396 314
 396 315
 396 316
 396 317
 396 318
 396 330
 396 331
 396 335
 396 346
 396 347
 396 374
 396 378
 396 386
 396 389
 396 391
 396 406
 396 407
 396 408
 396 409
 396 410
 397 257
 397 258
 397 259
 397 260
 397 265
 397 293
 397 294
 397 302
 397 307
 397 309
 397 310
 397 311
 397 312
 397 313
 397 314
 397 318
 397 319
 397 320
 397 327
 397 328
 397 329
 397 330
 397 335
 397 337
 397 378
 397 386
 397 409
 397 410
 397 411
 397 412
 398 259
 398 265
 398 292
 398 293
 398 294
 398 295
 398 296
 398 302
 398 303
 398 306
 398 307
 398 310
 398 312
 398 313
 398 314
 398 317
 398 318
 398 319
 398 330
 398 335
 398 336
 398 337
 398 338
 398 339
 398 340
 398 341
 398 377
 398 378
 398 386
 398 391
 398 409
 398 410
 398 411
 398 412
 398 413
 398 414
 398 415
 398 416
 399 256
 399 257
 399 258
 399 259
 399 260
 399 261
 399 265
 399 290
 399 291
 399 292
 399 294
 399 295
 399 296
 399 297
 399 298
 399 301
 399 302
 399 307
 399 310
 399 311
 399 335
 399 340
 399 383
 399 384
 399 385
 399 386
 399 387
 399 388
 399 389
 399 390
 399 391
 399 409
 399 412
 399 413
 400 253
 400 254
 400 256
 400 257
 400 260
 400 265
 400 266
 400 267
 400 268
 400 289
 400 290
 400 292
 400 293
 400 294
 400 295
 400 296
 400 302
 400 303
 400 310
 400 311
 400 312
 400 313
 400 334
 400 335
 400 340
 400 344
 400 345
 400 384
 400 385
 400 390
 400 391
 400 392
 400 393
 400 394
 400 395
 401 254
 401 255
 401 256
 401 265
 401 267
 401 268
 401 269
 401 270
 401 271
 401 272
 401 273
 401 287
 401 288
 401 289
 401 292
 401 296
 401 297
 401 302
 401 303
 401 309
 401 310
 401 313
 401 314
 401 334
 401 337
 401 338
 401 339
 401 340
 401 341
 401 342
 401 343
 401 344
 401 345
 401 346
 401 347
 401 384
 401 385
 401 386
 401 390
 401 392
 401 394
 401 395
 401 396
 401 397
 402 251
 402 255
 402 256
 402 264
 402 265
 402 267
 402 270
 402 272
 402 273
 402 285
 402 286
 402 287
 402 288
 402 289
 402 294
 402 295
 402 296
 402 303
 402 309
 402 310
 402 313
 402 314
 402 315
 402 332
 402 333
 402 334
 402 335
 402 342
 402 384
 402 390
 402 392
 402 397
 402 398
 403 251
 403 255
 403 264
 403 272
 403 273
 403 274
 403 275
 403 276
 403 287
 403 289
 403 290
 403 291
 403 296
 403 297
 403 298
 403 299
 403 303
 403 304
 403 309
 403 310
 403 334
 403 335
 403 336
 403 337
 403 342
 403 343
 403 351
 403 384
 403 390
 403 392
 403 393
 403 398
 404 251
 404 252
 404 253
 404 254
 404 255
 404 262
 404 263
 404 264
 404 272
 404 276
 404 277
 404 286
 404 287
 404 295
 404 296
 404 299
 404 300
 404 303
 404 304
 404 305
 404 310
 404 311
 404 312
 404 313
 404 314
 404 315
 404 334
 404 337
 404 343
 404 351
 404 352
 404 353
 404 354
 404 384
 404 388
 404 389
 404 390
 404 392
 404 398
 405 255
 405 262
 405 263
 405 264
 405 265
 405 272
 405 273
 405 277
 405 287
 405 294
 405 295
 405 296
 405 299
 405 300
 405 304
 405 308
 405 309
 405 310
 405 311
 405 312
 405 314
 405 315
 405 316
 405 333
 405 334
 405 340
 405 341
 405 342
 405 343
 405 344
 405 345
 405 346
 405 347
 405 348
 405 349
 405 350
 405 351
 405 398
 406 254
 406 255
 406 256
 406 260
 406 261
 406 262
 406 265
 406 271
 406 272
 406 273
 406 274
 406 275
 406 276
 406 277
 406 278
 406 287
 406 295
 406 296
 406 299
 406 300
 406 309
 406 312
 406 313
 406 315
 406 334
 406 341
 406 344
 406 345
 406 348
 406 351
 406 352
 406 353
 406 354
 406 355
 406 398
 407 237
 407 244
 407 245
 407 252
 407 253
 407 254
 407 256
 407 260
 407 261
 407 263
 407 264
 407 265
 407 266
 407 267
 407 272
 407 273
 407 278
 407 287
 407 295
 407 299
 407 300
 407 301
 407 309
 407 310
 407 312
 407 315
 407 316
 407 317
 407 321
 407 332
 407 333
 407 334
 407 335
 407 344
 407 345
 407 346
 407 348
 407 354
 407 355
 407 356
 407 357
 407 358
 408 237
 408 238
 408 245
 408 250
 408 252
 408 254
 408 258
 408 259
 408 260
 408 261
 408 263
 408 266
 408 267
 408 268
 408 273
 408 274
 408 275
 408 278
 408 279
 408 280
 408 286
 408 287
 408 288
 408 298
 408 299
 408 300
 408 301
 408 309
 408 310
 408 311
 408 312
 408 313
 408 315
 408 316
 408 317
 408 318
 408 319
 408 320
 408 321
 408 322
 408 323
 408 333
 408 335
 408 344
 409 235
 409 236
 409 237
 409 238
 409 239
 409 242
 409 245
 409 246
 409 247
 409 248
 409 249
 409 250
 409 251
 409 252
 409 254
 409 261
 409 265
 409 266
 409 267
 409 268
 409 269
 409 270
 409 273
 409 275
 409 287
 409 296
 409 297
 409 298
 409 299
 409 301
 409 309
 409 311
 409 313
 409 314
 409 315
 409 319
 409 342
 409 343
 409 344
 409 346
 409 347
 410 236
 410 239
 410 240
 410 241
 410 242
 410 243
 410 244
 410 245
 410 250
 410 254
 410 255
 410 260
 410 261
 410 264
 410 265
 410 270
 410 273
 410 287
 410 288
 410 296
 410 299
 410 301
 410 302
 410 303
 410 308
 410 309
 410 313
 410 314
 410 319
 410 320
 410 321
 410 344
 410 345
 410 346
 411 239
 411 242
 411 245
 411 249
 411 250
 411 253
 411 254
 411 259
 411 260
 411 261
 411 263
 411 264
 411 265
 411 269
 411 270
 411 271
 411 273
 411 279
 411 280
 411 288
 411 289
 411 296
 411 299
 411 309
 411 314
 411 315
 411 319
 411 346
 411 347
 411 348
 411 349
 412 237
 412 239
 412 242
 412 248
 412 249
 412 250
 412 253
 412 259
 412 265
 412 266
 412 267
 412 268
 412 273
 412 274
 412 275
 412 277
 412 278
 412 279
 412 281
 412 288
 412 296
 412 299
 412 309
 412 314
 412 315
 412 319
 412 347
 412 349
 412 353
 413 233
 413 234
 413 235
 413 236
 413 237
 413 238
 413 239
 413 242
 413 250
 413 253
 413 257
 413 258
 413 259
 413 264
 413 265
 413 266
 413 268
 413 269
 413 273
 413 274
 413 275
 413 276
 413 277
 413 279
 413 280
 413 281
 413 299
 413 300
 413 309
 413 319
 413 320
 413 346
 413 347
 413 352
 413 353
 414 242
 414 250
 414 251
 414 257
 414 259
 414 264
 414 266
 414 267
 414 273
 414 275
 414 277
 414 279
 414 299
 414 300
 414 301
 414 309
 414 318
 414 319
 414 320
 414 321
 414 322
 414 323
 414 343
 414 346
 414 347
 414 353
 414 354
 415 241
 415 242
 415 243
 415 249
 415 250
 415 251
 415 257
 415 263
 415 264
 415 265
 415 267
 415 272
 415 273
 415 279
 415 300
 415 308
 415 309
 415 318
 415 321
 415 322
 415 323
 415 324
 415 327
 415 342
 415 343
 415 344
 415 345
 415 346
 415 347
 415 350
 415 352
 415 353
 415 359
 416 241
 416 249
 416 264
 416 266
 416 267
 416 272
 416 273
 416 274
 416 275
 416 279
 416 280
 416 300
 416 301
 416 302
 416 303
 416 304
 416 308
 416 309
 416 310
 416 311
 416 318
 416 320
 416 321
 416 323
 416 324
 416 325
 416 326
 416 327
 416 328
 416 345
 416 347
 416 348
 416 349
 416 350
 416 351
 416 352
 416 355
 416 359
 416 368
 417 240
 417 241
 417 246
 417 247
 417 248
 417 249
 417 261
 417 262
 417 263
 417 264
 417 272
 417 275
 417 279
 417 299
 417 300
 417 303
 417 304
 417 309
 417 317
 417 318
 417 319
 417 320
 417 323
 417 327
 417 344
 417 345
 417 346
 417 347
 417 352
 417 355
 417 356
 417 357
 417 358
 417 359
 417 367
 417 368
 418 240
 418 246
 418 247
 418 249
 418 261
 418 262
 418 264
 418 265
 418 266
 418 267
 418 270
 418 271
 418 272
 418 275
 418 276
 418 278
 418 279
 418 280
 418 281
 418 282
 418 299
 418 301
 418 302
 418 303
 418 309
 418 310
 418 319
 418 323
 418 324
 418 347
 418 352
 418 353
 418 354
 418 355
 418 356
 418 359
 418 360
 418 361
 418 362
 418 363
 418 364
 418 365
 418 366
 418 367
 418 368
 419 244
 419 245
 419 246
 419 249
 419 254
 419 255
 419 256
 419 257
 419 258
 419 259
 419 260
 419 261
 419 264
 419 271
 419 275
 419 276
 419 278
 419 282
 419 283
 419 302
 419 309
 419 310
 419 311
 419 322
 419 323
 419 324
 419 347
 419 352
 419 360
 419 365
 419 366
 420 245
 420 246
 420 249
 420 250
 420 259
 420 264
 420 269
 420 270
 420 271
 420 272
 420 274
 420 275
 420 276
 420 282
 420 283
 420 284
 420 302
 420 303
 420 304
 420 311
 420 322
 420 326
 420 345
 420 346
 420 347
 420 348
 420 352
 420 353
 420 354
 420 360
 420 361
 420 362
 420 365
 420 366
 421 243
 421 244
 421 245
 421 246
 421 249
 421 250
 421 251
 421 264
 421 269
 421 276
 421 283
 421 284
 421 302
 421 322
 421 326
 421 343
 421 344
 421 345
 421 347
 421 351
 421 352
 421 353
 421 360
 422 243
 422 249
 422 264
 422 269
 422 276
 422 278
 422 283
 422 284
 422 300
 422 301
 422 302
 422 304
 422 309
 422 322
 422 325
 422 326
 422 327
 422 345
 422 347
 422 348
 422 351
 422 360
 422 361
 422 362
 423 243
 423 249
 423 261
 423 262
 423 263
 423 264
 423 269
 423 274
 423 275
 423 276
 423 277
 423 278
 423 279
 423 280
 423 283
 423 284
 423 285
 423 299
 423 300
 423 302
 423 303
 423 304
 423 305
 423 306
 423 309
 423 312
 423 313
 423 322
 423 323
 423 324
 423 325
 423 327
 423 348
 423 350
 423 351
 423 352
 423 360
 423 362
 423 363
 423 364
 424 243
 424 264
 424 268
 424 269
 424 274
 424 275
 424 276
 424 277
 424 278
 424 298
 424 299
 424 300
 424 301
 424 302
 424 303
 424 306
 424 307
 424 308
 424 309
 424 310
 424 311
 424 312
 424 322
 424 324
 424 351
 424 354
 424 355
 424 360
 425 264
 425 267
 425 268
 425 269
 425 273
 425 274
 425 275
 425 278
 425 279
 425 280
 425 281
 425 282
 425 299
 425 302
 425 303
 425 307
 425 309
 425 321
 425 322
 425 323
 425 351
 425 352
 425 353
 425 354
 426 261
 426 263
 426 264
 426 267
 426 274
 426 275
 426 276
 426 278
 426 279
 426 281
 426 298
 426 299
 426 302
 426 303
 426 304
 426 308
 426 309
 426 321
 426 322
 426 323
 426 324
 426 326
 426 349
 426 350
 426 351
 426 353
 426 354
 427 261
 427 262
 427 263
 427 267
 427 273
 427 274
 427 275
 427 276
 427 278
 427 279
 427 295
 427 296
 427 297
 427 298
 427 302
 427 304
 427 305
 427 309
 427 310
 427 319
 427 320
 427 321
 427 323
 427 324
 427 325
 427 326
 427 349
 427 353
 427 354
 428 262
 428 263
 428 264
 428 267
 428 276
 428 295
 428 298
 428 305
 428 310
 428 319
 428 322
 428 323
 428 324
 428 325
 428 326
 428 327
 428 328
 428 329
 428 330
 428 353
 428 357
 429 261
 429 262
 429 263
 429 267
 429 268
 429 274
 429 275
 429 276
 429 277
 429 280
 429 295
 429 305
 429 310
 429 319
 429 325
 429 329
 429 352
 429 353
 429 354
 429 355
 429 356
 429 357
 429 358
 430 261
 430 263
 430 267
 430 277
 430 278
 430 279
 430 280
 430 281
 430 282
 430 283
 430 295
 430 305
 430 310
 430 311
 430 312
 430 313
 430 314
 430 324
 430 325
 430 329
 430 330
 430 353
 430 355
 430 358
 431 258
 431 259
 431 261
 431 267
 431 277
 431 282
 431 283
 431 293
 431 294
 431 295
 431 305
 431 311
 431 313
 431 325
 431 329
 431 330
 431 351
 431 352
 431 353
 431 358
 432 256
 432 257
 432 258
 432 259
 432 260
 432 261
 432 266
 432 267
 432 276
 432 277
 432 278
 432 294
 432 295
 432 305
 432 311
 432 313
 432 324
 432 325
 432 326
 432 329
 432 330
 432 332
 432 353
 432 354
 433 257
 433 261
 433 266
 433 267
 433 275
 433 276
 433 292
 433 293
 433 294
 433 305
 433 311
 433 313
 433 314
 433 315
 433 316
 433 325
 433 326
 433 329
 433 330
 433 331
 433 332
 433 333
 433 352
 433 353
 434 255
 434 256
 434 257
 434 260
 434 261
 434 266
 434 267
 434 276
 434 277
 434 294
 434 295
 434 305
 434 311
 434 313
 434 314
 434 316
 434 324
 434 325
 434 326
 434 327
 434 328
 434 330
 434 331
 434 332
 434 352
 434 353
 435 251
 435 252
 435 261
 435 267
 435 268
 435 274
 435 275
 435 276
 435 277
 435 278
 435 294
 435 304
 435 305
 435 306
 435 311
 435 314
 435 326
 435 331
 435 332
 435 333
 435 353
 435 354
 436 252
 436 253
 436 254
 436 260
 436 261
 436 268
 436 274
 436 277
 436 294
 436 295
 436 304
 436 314
 436 325
 436 326
 436 327
 436 328
 436 331
 436 352
 436 353
 436 354
 437 252
 437 254
 437 255
 437 256
 437 257
 437 258
 437 259
 437 260
 437 261
 437 262
 437 268
 437 277
 437 280
 437 281
 437 294
 437 299
 437 300
 437 301
 437 302
 437 303
 437 304
 437 305
 437 306
 437 307
 437 314
 437 322
 437 323
 437 324
 437 325
 437 326
 437 328
 437 331
 437 336
 437 339
 437 353
 437 354
 437 355
 437 356
 437 357
 437 358
 438 254
 438 256
 438 258
 438 261
 438 268
 438 277
 438 278
 438 279
 438 280
 438 294
 438 295
 438 298
 438 299
 438 301
 438 305
 438 307
 438 321
 438 322
 438 325
 438 326
 438 331
 438 332
 438 334
 438 335
 438 336
 438 337
 438 338
 438 339
 438 340
 438 343
 438 355
 438 357
 438 358
 438 359
 439 252
 439 253
 439 254
 439 260
 439 261
 439 268
 439 277
 439 280
 439 281
 439 295
 439 298
 439 301
 439 305
 439 307
 439 319
 439 320
 439 321
 439 322
 439 326
 439 330
 439 331
 439 332
 439 333
 439 334
 439 336
 439 340
 439 343
 440 253
 440 260
 440 268
 440 275
 440 276
 440 277
 440 278
 440 281
 440 298
 440 300
 440 301
 440 307
 440 318
 440 319
 440 321
 440 322
 440 326
 440 330
 440 331
 440 332
 440 334
 440 339
 440 343
 441 260
 441 268
 441 275
 441 278
 441 281
 441 282
 441 283
 441 284
 441 285
 441 301
 441 307
 441 319
 441 326
 441 329
 441 330
 441 331
 441 332
 441 334
 441 335
 441 336
 441 337
 441 338
 441 339
 441 340
 441 341
 441 342
 441 343
 442 257
 442 258
 442 259
 442 260
 442 268
 442 275
 442 278
 442 279
 442 282
 442 285
 442 306
 442 307
 442 308
 442 309
 442 325
 442 326
 442 327
 442 332
 442 335
 442 336
 442 337
 442 340
 442 343
 442 344
 442 345
 443 255
 443 256
 443 257
 443 258
 443 260
 443 261
 443 262
 443 263
 443 267
 443 268
 443 275
 443 276
 443 281
 443 282
 443 285
 443 286
 443 306
 443 327
 443 332
 443 340
 443 341
 443 342
 444 255
 444 258
 444 260
 444 275
 444 285
 444 306
 444 331
 444 332
 444 333
 444 334
 444 335
 444 336
 444 340
 444 341
 445 255
 445 256
 445 257
 445 258
 445 259
 445 274
 445 275
 445 285
 445 331
 445 334
 445 341
 446 254
 446 255
 446 258
 446 259
 446 275
 446 276
 446 277
 446 331
 446 334
 446 336
 447 274
 447 275
 447 276
 447 329
 447 331
 447 332
 447 333
 447 334
 447 335
 447 336
 448 271
 448 272
 448 273
 448 274
 448 276
 448 278
 448 279
 448 329
 448 330
 448 331
 448 332
 448 334
 448 336
 448 338
 449 271
 449 273
 449 274
 449 276
 449 277
 449 278
 449 279
 449 280
 449 281
 449 329
 449 333
 449 334
 449 335
 449 336
 449 337
 449 338
 450 269
 450 270
 450 271
 450 272
 450 273
 450 274
 450 275
 450 276
 450 278
 450 279
 450 281
 450 282
 450 283
 450 284
 450 285
 450 286
 450 287
 450 288
 450 289
 450 290
 450 325
 450 326
 450 327
 450 328
 450 329
 450 333
 450 334
 450 336
 450 338
 450 339
 451 268
 451 269
 451 271
 451 276
 451 277
 451 285
 451 326
 451 329
 451 338
 452 268
 452 271
 452 277
 452 278
 452 279
 452 280
 452 285
 452 329
 453 267
 453 268
 453 271
 453 272
 453 277
 453 280
 453 281
 453 282
 453 285
 453 286
 453 287
 453 288
 453 329
 454 267
 454 270
 454 271
 454 277
 454 278
 454 282
 454 328
 454 329
 454 330
 454 331
 455 269
 455 270
 455 271
 455 272
 455 276
 455 277
 456 270
 456 276
 456 277
 456 278
 456 279
 456 280
 456 281
 456 282
 457 270
 457 276
 457 278
 457 279
 457 280
 458 268
 458 269
 458 270
 458 271
 458 276
 458 279
 458 280
 458 281
 459 264
 459 265
 459 266
 459 267
 459 268
 459 271
 459 272
 459 279
 459 281
 459 282
 459 283
 459 284
 459 285
 460 261
 460 262
 460 263
 460 264
 460 267
 460 268
 460 271
 460 281
 460 282
 461 262
 461 264
 461 267
 461 268
 461 271
 461 282
 461 286
 461 287
 462 263
 462 264
 462 267
 462 271
 462 272
 462 280
 462 281
 462 282
 462 283
 462 284
 462 286
 463 262
 463 263
 463 264
 463 272
 463 280
 463 283
 463 284
 463 285
 463 286
 464 261
 464 262
 464 264
 464 265
 464 272
 464 273
 464 274
 464 275
 464 276
 464 284
 465 261
 465 265
 465 271
 465 272
 465 273
 465 274
 465 282
 465 283
 465 284
 466 264
 466 265
 466 272
 466 273
 466 283
 466 284
 466 285
 467 264
 467 272
 467 273
 467 274
 468 272
 469 272
 